qid,docid,attack_name,layer,component,head_idx,granularity,scale,intervention_type,score_clean,score_control,score_attack,score_modified,delta_toward_control,delta_toward_attack,direction_norm
19335,6902387,information_random_1,11,decoder_cross_attn,3,per_head,0.5,subtract,-9.739534378051758,-9.891073226928711,-8.23955249786377,-8.260601997375488,0.02104949951171875,,4.913106441497803
19335,6902387,information_random_1,11,decoder_cross_attn,3,per_head,1.0,subtract,-9.739534378051758,-9.891073226928711,-8.23955249786377,-8.281588554382324,0.04203605651855469,,4.913106441497803
19335,6902387,information_random_1,11,decoder_cross_attn,3,per_head,1.5,subtract,-9.739534378051758,-9.891073226928711,-8.23955249786377,-8.302547454833984,0.06299495697021484,,4.913106441497803
19335,6902387,information_random_1,11,decoder_cross_attn,6,per_head,0.5,subtract,-9.739534378051758,-9.891073226928711,-8.23955249786377,-8.251326560974121,0.011774063110351562,,3.656248092651367
19335,6902387,information_random_1,11,decoder_cross_attn,6,per_head,1.0,subtract,-9.739534378051758,-9.891073226928711,-8.23955249786377,-8.263069152832031,0.02351665496826172,,3.656248092651367
19335,6902387,information_random_1,11,decoder_cross_attn,6,per_head,1.5,subtract,-9.739534378051758,-9.891073226928711,-8.23955249786377,-8.274789810180664,0.03523731231689453,,3.656248092651367
19335,6902387,information_random_1,11,decoder_cross_attn,11,per_head,0.5,subtract,-9.739534378051758,-9.891073226928711,-8.23955249786377,-8.257295608520508,0.01774311065673828,,3.6226985454559326
19335,6902387,information_random_1,11,decoder_cross_attn,11,per_head,1.0,subtract,-9.739534378051758,-9.891073226928711,-8.23955249786377,-8.275023460388184,0.03547096252441406,,3.6226985454559326
19335,6902387,information_random_1,11,decoder_cross_attn,11,per_head,1.5,subtract,-9.739534378051758,-9.891073226928711,-8.23955249786377,-8.292730331420898,0.053177833557128906,,3.6226985454559326
19335,6902387,information_random_1,11,decoder_cross_attn,0,per_head,0.5,subtract,-9.739534378051758,-9.891073226928711,-8.23955249786377,-8.247285842895508,0.007733345031738281,,2.1161696910858154
19335,6902387,information_random_1,11,decoder_cross_attn,0,per_head,1.0,subtract,-9.739534378051758,-9.891073226928711,-8.23955249786377,-8.255012512207031,0.015460014343261719,,2.1161696910858154
19335,6902387,information_random_1,11,decoder_cross_attn,0,per_head,1.5,subtract,-9.739534378051758,-9.891073226928711,-8.23955249786377,-8.262724876403809,0.023172378540039062,,2.1161696910858154
19335,6902387,information_random_1,11,decoder_self_attn,3,per_head,0.5,subtract,-9.739534378051758,-9.891073226928711,-8.23955249786377,-8.23823356628418,-0.0013189315795898438,,2.173255205154419
19335,6902387,information_random_1,11,decoder_self_attn,3,per_head,1.0,subtract,-9.739534378051758,-9.891073226928711,-8.23955249786377,-8.236894607543945,-0.0026578903198242188,,2.173255205154419
19335,6902387,information_random_1,11,decoder_self_attn,3,per_head,1.5,subtract,-9.739534378051758,-9.891073226928711,-8.23955249786377,-8.235528945922852,-0.004023551940917969,,2.173255205154419
19335,6902387,information_random_1,9,decoder_cross_attn,2,per_head,0.5,subtract,-9.739534378051758,-9.891073226928711,-8.23955249786377,-8.261369705200195,0.02181720733642578,,4.228691101074219
19335,6902387,information_random_1,9,decoder_cross_attn,2,per_head,1.0,subtract,-9.739534378051758,-9.891073226928711,-8.23955249786377,-8.283016204833984,0.043463706970214844,,4.228691101074219
19335,6902387,information_random_1,9,decoder_cross_attn,2,per_head,1.5,subtract,-9.739534378051758,-9.891073226928711,-8.23955249786377,-8.304696083068848,0.06514358520507812,,4.228691101074219
19335,6902387,information_random_1,10,decoder_cross_attn,0,per_head,0.5,subtract,-9.739534378051758,-9.891073226928711,-8.23955249786377,-8.231849670410156,-0.007702827453613281,,12.12502384185791
19335,6902387,information_random_1,10,decoder_cross_attn,0,per_head,1.0,subtract,-9.739534378051758,-9.891073226928711,-8.23955249786377,-8.224776268005371,-0.014776229858398438,,12.12502384185791
19335,6902387,information_random_1,10,decoder_cross_attn,0,per_head,1.5,subtract,-9.739534378051758,-9.891073226928711,-8.23955249786377,-8.216304779052734,-0.023247718811035156,,12.12502384185791
19335,6902387,information_random_1,10,decoder_cross_attn,3,per_head,0.5,subtract,-9.739534378051758,-9.891073226928711,-8.23955249786377,-8.242781639099121,0.0032291412353515625,,2.247756242752075
19335,6902387,information_random_1,10,decoder_cross_attn,3,per_head,1.0,subtract,-9.739534378051758,-9.891073226928711,-8.23955249786377,-8.245997428894043,0.0064449310302734375,,2.247756242752075
19335,6902387,information_random_1,10,decoder_cross_attn,3,per_head,1.5,subtract,-9.739534378051758,-9.891073226928711,-8.23955249786377,-8.249223709106445,0.009671211242675781,,2.247756242752075
19335,6902387,information_random_1,8,decoder_cross_attn,7,per_head,0.5,subtract,-9.739534378051758,-9.891073226928711,-8.23955249786377,-8.265984535217285,0.026432037353515625,,2.599320650100708
19335,6902387,information_random_1,8,decoder_cross_attn,7,per_head,1.0,subtract,-9.739534378051758,-9.891073226928711,-8.23955249786377,-8.292402267456055,0.052849769592285156,,2.599320650100708
19335,6902387,information_random_1,8,decoder_cross_attn,7,per_head,1.5,subtract,-9.739534378051758,-9.891073226928711,-8.23955249786377,-8.318792343139648,0.0792398452758789,,2.599320650100708
19335,6902387,information_random_1,9,decoder_cross_attn,7,per_head,0.5,subtract,-9.739534378051758,-9.891073226928711,-8.23955249786377,-8.246792793273926,0.00724029541015625,,3.426360607147217
19335,6902387,information_random_1,9,decoder_cross_attn,7,per_head,1.0,subtract,-9.739534378051758,-9.891073226928711,-8.23955249786377,-8.25398063659668,0.014428138732910156,,3.426360607147217
19335,6902387,information_random_1,9,decoder_cross_attn,7,per_head,1.5,subtract,-9.739534378051758,-9.891073226928711,-8.23955249786377,-8.261016845703125,0.02146434783935547,,3.426360607147217
19335,6902387,information_random_1,11,decoder_cross_attn,1,per_head,0.5,subtract,-9.739534378051758,-9.891073226928711,-8.23955249786377,-8.243571281433105,0.0040187835693359375,,2.567375898361206
19335,6902387,information_random_1,11,decoder_cross_attn,1,per_head,1.0,subtract,-9.739534378051758,-9.891073226928711,-8.23955249786377,-8.247557640075684,0.008005142211914062,,2.567375898361206
19335,6902387,information_random_1,11,decoder_cross_attn,1,per_head,1.5,subtract,-9.739534378051758,-9.891073226928711,-8.23955249786377,-8.25152587890625,0.011973381042480469,,2.567375898361206
19335,6902387,information_random_1,8,decoder_cross_attn,0,per_head,0.5,subtract,-9.739534378051758,-9.891073226928711,-8.23955249786377,-8.243209838867188,0.0036573410034179688,,2.3537819385528564
19335,6902387,information_random_1,8,decoder_cross_attn,0,per_head,1.0,subtract,-9.739534378051758,-9.891073226928711,-8.23955249786377,-8.246850967407227,0.007298469543457031,,2.3537819385528564
19335,6902387,information_random_1,8,decoder_cross_attn,0,per_head,1.5,subtract,-9.739534378051758,-9.891073226928711,-8.23955249786377,-8.25058650970459,0.011034011840820312,,2.3537819385528564
19335,6902387,information_random_1,7,decoder_cross_attn,3,per_head,0.5,subtract,-9.739534378051758,-9.891073226928711,-8.23955249786377,-8.252755165100098,0.013202667236328125,,2.7912943363189697
19335,6902387,information_random_1,7,decoder_cross_attn,3,per_head,1.0,subtract,-9.739534378051758,-9.891073226928711,-8.23955249786377,-8.26596450805664,0.026412010192871094,,2.7912943363189697
19335,6902387,information_random_1,7,decoder_cross_attn,3,per_head,1.5,subtract,-9.739534378051758,-9.891073226928711,-8.23955249786377,-8.27922248840332,0.03966999053955078,,2.7912943363189697
19335,6902387,information_random_1,10,decoder_cross_attn,6,per_head,0.5,subtract,-9.739534378051758,-9.891073226928711,-8.23955249786377,-8.243244171142578,0.0036916732788085938,,1.9554365873336792
19335,6902387,information_random_1,10,decoder_cross_attn,6,per_head,1.0,subtract,-9.739534378051758,-9.891073226928711,-8.23955249786377,-8.246922492980957,0.0073699951171875,,1.9554365873336792
19335,6902387,information_random_1,10,decoder_cross_attn,6,per_head,1.5,subtract,-9.739534378051758,-9.891073226928711,-8.23955249786377,-8.250592231750488,0.01103973388671875,,1.9554365873336792
19335,6902387,information_random_1,7,decoder_cross_attn,5,per_head,0.5,subtract,-9.739534378051758,-9.891073226928711,-8.23955249786377,-8.242523193359375,0.0029706954956054688,,2.274880886077881
19335,6902387,information_random_1,7,decoder_cross_attn,5,per_head,1.0,subtract,-9.739534378051758,-9.891073226928711,-8.23955249786377,-8.24544620513916,0.005893707275390625,,2.274880886077881
19335,6902387,information_random_1,7,decoder_cross_attn,5,per_head,1.5,subtract,-9.739534378051758,-9.891073226928711,-8.23955249786377,-8.248106956481934,0.008554458618164062,,2.274880886077881
19335,6902387,information_random_1,4,decoder_cross_attn,2,per_head,0.5,subtract,-9.739534378051758,-9.891073226928711,-8.23955249786377,-8.245809555053711,0.006257057189941406,,1.0704455375671387
19335,6902387,information_random_1,4,decoder_cross_attn,2,per_head,1.0,subtract,-9.739534378051758,-9.891073226928711,-8.23955249786377,-8.252056121826172,0.012503623962402344,,1.0704455375671387
19335,6902387,information_random_1,4,decoder_cross_attn,2,per_head,1.5,subtract,-9.739534378051758,-9.891073226928711,-8.23955249786377,-8.25829792022705,0.01874542236328125,,1.0704455375671387
19335,6902387,information_random_1,7,decoder_cross_attn,6,per_head,0.5,subtract,-9.739534378051758,-9.891073226928711,-8.23955249786377,-8.246557235717773,0.007004737854003906,,1.165013313293457
19335,6902387,information_random_1,7,decoder_cross_attn,6,per_head,1.0,subtract,-9.739534378051758,-9.891073226928711,-8.23955249786377,-8.253528594970703,0.013976097106933594,,1.165013313293457
19335,6902387,information_random_1,7,decoder_cross_attn,6,per_head,1.5,subtract,-9.739534378051758,-9.891073226928711,-8.23955249786377,-8.26046371459961,0.020911216735839844,,1.165013313293457
19335,6902387,information_random_1,11,decoder_cross_attn,2,per_head,0.5,subtract,-9.739534378051758,-9.891073226928711,-8.23955249786377,-8.24650764465332,0.006955146789550781,,2.1183841228485107
19335,6902387,information_random_1,11,decoder_cross_attn,2,per_head,1.0,subtract,-9.739534378051758,-9.891073226928711,-8.23955249786377,-8.253448486328125,0.013895988464355469,,2.1183841228485107
19335,6902387,information_random_1,11,decoder_cross_attn,2,per_head,1.5,subtract,-9.739534378051758,-9.891073226928711,-8.23955249786377,-8.260384559631348,0.020832061767578125,,2.1183841228485107
19335,6902387,information_random_1,5,decoder_cross_attn,7,per_head,0.5,subtract,-9.739534378051758,-9.891073226928711,-8.23955249786377,-8.248929977416992,0.009377479553222656,,1.3838692903518677
19335,6902387,information_random_1,5,decoder_cross_attn,7,per_head,1.0,subtract,-9.739534378051758,-9.891073226928711,-8.23955249786377,-8.258254051208496,0.018701553344726562,,1.3838692903518677
19335,6902387,information_random_1,5,decoder_cross_attn,7,per_head,1.5,subtract,-9.739534378051758,-9.891073226928711,-8.23955249786377,-8.267553329467773,0.028000831604003906,,1.3838692903518677
19335,6902387,information_random_1,6,decoder_cross_attn,9,per_head,0.5,subtract,-9.739534378051758,-9.891073226928711,-8.23955249786377,-8.246234893798828,0.006682395935058594,,1.6831058263778687
19335,6902387,information_random_1,6,decoder_cross_attn,9,per_head,1.0,subtract,-9.739534378051758,-9.891073226928711,-8.23955249786377,-8.252920150756836,0.013367652893066406,,1.6831058263778687
19335,6902387,information_random_1,6,decoder_cross_attn,9,per_head,1.5,subtract,-9.739534378051758,-9.891073226928711,-8.23955249786377,-8.259511947631836,0.019959449768066406,,1.6831058263778687
19335,6902387,information_random_1,0,decoder_cross_attn,5,per_head,0.5,subtract,-9.739534378051758,-9.891073226928711,-8.23955249786377,-8.244547843933105,0.0049953460693359375,,0.8403618335723877
19335,6902387,information_random_1,0,decoder_cross_attn,5,per_head,1.0,subtract,-9.739534378051758,-9.891073226928711,-8.23955249786377,-8.249523162841797,0.009970664978027344,,0.8403618335723877
19335,6902387,information_random_1,0,decoder_cross_attn,5,per_head,1.5,subtract,-9.739534378051758,-9.891073226928711,-8.23955249786377,-8.254469871520996,0.014917373657226562,,0.8403618335723877
19335,6902387,information_random_1,6,decoder_cross_attn,7,per_head,0.5,subtract,-9.739534378051758,-9.891073226928711,-8.23955249786377,-8.257476806640625,0.01792430877685547,,2.008059024810791
19335,6902387,information_random_1,6,decoder_cross_attn,7,per_head,1.0,subtract,-9.739534378051758,-9.891073226928711,-8.23955249786377,-8.275121688842773,0.035569190979003906,,2.008059024810791
19335,6902387,information_random_1,6,decoder_cross_attn,7,per_head,1.5,subtract,-9.739534378051758,-9.891073226928711,-8.23955249786377,-8.292684555053711,0.053132057189941406,,2.008059024810791
19335,6902387,information_random_1,11,decoder_cross_attn,3,per_head,0.5,add,-9.739534378051758,-9.891073226928711,-8.23955249786377,-9.719361305236816,,0.020173072814941406,4.913106441497803
19335,6902387,information_random_1,11,decoder_cross_attn,3,per_head,1.0,add,-9.739534378051758,-9.891073226928711,-8.23955249786377,-9.699135780334473,,0.040398597717285156,4.913106441497803
19335,6902387,information_random_1,11,decoder_cross_attn,3,per_head,1.5,add,-9.739534378051758,-9.891073226928711,-8.23955249786377,-9.678862571716309,,0.06067180633544922,4.913106441497803
19335,6902387,information_random_1,11,decoder_cross_attn,6,per_head,0.5,add,-9.739534378051758,-9.891073226928711,-8.23955249786377,-9.728706359863281,,0.010828018188476562,3.656248092651367
19335,6902387,information_random_1,11,decoder_cross_attn,6,per_head,1.0,add,-9.739534378051758,-9.891073226928711,-8.23955249786377,-9.71784496307373,,0.021689414978027344,3.656248092651367
19335,6902387,information_random_1,11,decoder_cross_attn,6,per_head,1.5,add,-9.739534378051758,-9.891073226928711,-8.23955249786377,-9.70695686340332,,0.0325775146484375,3.656248092651367
19335,6902387,information_random_1,11,decoder_cross_attn,11,per_head,0.5,add,-9.739534378051758,-9.891073226928711,-8.23955249786377,-9.723003387451172,,0.016530990600585938,3.6226985454559326
19335,6902387,information_random_1,11,decoder_cross_attn,11,per_head,1.0,add,-9.739534378051758,-9.891073226928711,-8.23955249786377,-9.706445693969727,,0.03308868408203125,3.6226985454559326
19335,6902387,information_random_1,11,decoder_cross_attn,11,per_head,1.5,add,-9.739534378051758,-9.891073226928711,-8.23955249786377,-9.689868927001953,,0.04966545104980469,3.6226985454559326
19335,6902387,information_random_1,11,decoder_cross_attn,0,per_head,0.5,add,-9.739534378051758,-9.891073226928711,-8.23955249786377,-9.732552528381348,,0.006981849670410156,2.1161696910858154
19335,6902387,information_random_1,11,decoder_cross_attn,0,per_head,1.0,add,-9.739534378051758,-9.891073226928711,-8.23955249786377,-9.725564002990723,,0.013970375061035156,2.1161696910858154
19335,6902387,information_random_1,11,decoder_cross_attn,0,per_head,1.5,add,-9.739534378051758,-9.891073226928711,-8.23955249786377,-9.718560218811035,,0.020974159240722656,2.1161696910858154
19335,6902387,information_random_1,11,decoder_self_attn,3,per_head,0.5,add,-9.739534378051758,-9.891073226928711,-8.23955249786377,-9.740293502807617,,-0.000759124755859375,2.173255205154419
19335,6902387,information_random_1,11,decoder_self_attn,3,per_head,1.0,add,-9.739534378051758,-9.891073226928711,-8.23955249786377,-9.7410306930542,,-0.0014963150024414062,2.173255205154419
19335,6902387,information_random_1,11,decoder_self_attn,3,per_head,1.5,add,-9.739534378051758,-9.891073226928711,-8.23955249786377,-9.741741180419922,,-0.0022068023681640625,2.173255205154419
19335,6902387,information_random_1,9,decoder_cross_attn,2,per_head,0.5,add,-9.739534378051758,-9.891073226928711,-8.23955249786377,-9.720806121826172,,0.018728256225585938,4.228691101074219
19335,6902387,information_random_1,9,decoder_cross_attn,2,per_head,1.0,add,-9.739534378051758,-9.891073226928711,-8.23955249786377,-9.701889991760254,,0.037644386291503906,4.228691101074219
19335,6902387,information_random_1,9,decoder_cross_attn,2,per_head,1.5,add,-9.739534378051758,-9.891073226928711,-8.23955249786377,-9.682869911193848,,0.056664466857910156,4.228691101074219
19335,6902387,information_random_1,10,decoder_cross_attn,0,per_head,0.5,add,-9.739534378051758,-9.891073226928711,-8.23955249786377,-9.745874404907227,,-0.00634002685546875,12.12502384185791
19335,6902387,information_random_1,10,decoder_cross_attn,0,per_head,1.0,add,-9.739534378051758,-9.891073226928711,-8.23955249786377,-9.750960350036621,,-0.011425971984863281,12.12502384185791
19335,6902387,information_random_1,10,decoder_cross_attn,0,per_head,1.5,add,-9.739534378051758,-9.891073226928711,-8.23955249786377,-9.754878044128418,,-0.015343666076660156,12.12502384185791
19335,6902387,information_random_1,10,decoder_cross_attn,3,per_head,0.5,add,-9.739534378051758,-9.891073226928711,-8.23955249786377,-9.736820220947266,,0.0027141571044921875,2.247756242752075
19335,6902387,information_random_1,10,decoder_cross_attn,3,per_head,1.0,add,-9.739534378051758,-9.891073226928711,-8.23955249786377,-9.734099388122559,,0.005434989929199219,2.247756242752075
19335,6902387,information_random_1,10,decoder_cross_attn,3,per_head,1.5,add,-9.739534378051758,-9.891073226928711,-8.23955249786377,-9.73132038116455,,0.008213996887207031,2.247756242752075
19335,6902387,information_random_1,8,decoder_cross_attn,7,per_head,0.5,add,-9.739534378051758,-9.891073226928711,-8.23955249786377,-9.717196464538574,,0.022337913513183594,2.599320650100708
19335,6902387,information_random_1,8,decoder_cross_attn,7,per_head,1.0,add,-9.739534378051758,-9.891073226928711,-8.23955249786377,-9.694718360900879,,0.044816017150878906,2.599320650100708
19335,6902387,information_random_1,8,decoder_cross_attn,7,per_head,1.5,add,-9.739534378051758,-9.891073226928711,-8.23955249786377,-9.671977996826172,,0.06755638122558594,2.599320650100708
19335,6902387,information_random_1,9,decoder_cross_attn,7,per_head,0.5,add,-9.739534378051758,-9.891073226928711,-8.23955249786377,-9.731844902038574,,0.007689476013183594,3.426360607147217
19335,6902387,information_random_1,9,decoder_cross_attn,7,per_head,1.0,add,-9.739534378051758,-9.891073226928711,-8.23955249786377,-9.724296569824219,,0.015237808227539062,3.426360607147217
19335,6902387,information_random_1,9,decoder_cross_attn,7,per_head,1.5,add,-9.739534378051758,-9.891073226928711,-8.23955249786377,-9.71672534942627,,0.02280902862548828,3.426360607147217
19335,6902387,information_random_1,11,decoder_cross_attn,1,per_head,0.5,add,-9.739534378051758,-9.891073226928711,-8.23955249786377,-9.73625659942627,,0.0032777786254882812,2.567375898361206
19335,6902387,information_random_1,11,decoder_cross_attn,1,per_head,1.0,add,-9.739534378051758,-9.891073226928711,-8.23955249786377,-9.732958793640137,,0.006575584411621094,2.567375898361206
19335,6902387,information_random_1,11,decoder_cross_attn,1,per_head,1.5,add,-9.739534378051758,-9.891073226928711,-8.23955249786377,-9.72964859008789,,0.009885787963867188,2.567375898361206
19335,6902387,information_random_1,8,decoder_cross_attn,0,per_head,0.5,add,-9.739534378051758,-9.891073226928711,-8.23955249786377,-9.735784530639648,,0.003749847412109375,2.3537819385528564
19335,6902387,information_random_1,8,decoder_cross_attn,0,per_head,1.0,add,-9.739534378051758,-9.891073226928711,-8.23955249786377,-9.732063293457031,,0.0074710845947265625,2.3537819385528564
19335,6902387,information_random_1,8,decoder_cross_attn,0,per_head,1.5,add,-9.739534378051758,-9.891073226928711,-8.23955249786377,-9.728352546691895,,0.011181831359863281,2.3537819385528564
19335,6902387,information_random_1,7,decoder_cross_attn,3,per_head,0.5,add,-9.739534378051758,-9.891073226928711,-8.23955249786377,-9.72762680053711,,0.011907577514648438,2.7912943363189697
19335,6902387,information_random_1,7,decoder_cross_attn,3,per_head,1.0,add,-9.739534378051758,-9.891073226928711,-8.23955249786377,-9.715639114379883,,0.023895263671875,2.7912943363189697
19335,6902387,information_random_1,7,decoder_cross_attn,3,per_head,1.5,add,-9.739534378051758,-9.891073226928711,-8.23955249786377,-9.703628540039062,,0.03590583801269531,2.7912943363189697
19335,6902387,information_random_1,10,decoder_cross_attn,6,per_head,0.5,add,-9.739534378051758,-9.891073226928711,-8.23955249786377,-9.735918998718262,,0.0036153793334960938,1.9554365873336792
19335,6902387,information_random_1,10,decoder_cross_attn,6,per_head,1.0,add,-9.739534378051758,-9.891073226928711,-8.23955249786377,-9.732283592224121,,0.007250785827636719,1.9554365873336792
19335,6902387,information_random_1,10,decoder_cross_attn,6,per_head,1.5,add,-9.739534378051758,-9.891073226928711,-8.23955249786377,-9.728639602661133,,0.010894775390625,1.9554365873336792
19335,6902387,information_random_1,7,decoder_cross_attn,5,per_head,0.5,add,-9.739534378051758,-9.891073226928711,-8.23955249786377,-9.736372947692871,,0.0031614303588867188,2.274880886077881
19335,6902387,information_random_1,7,decoder_cross_attn,5,per_head,1.0,add,-9.739534378051758,-9.891073226928711,-8.23955249786377,-9.733272552490234,,0.0062618255615234375,2.274880886077881
19335,6902387,information_random_1,7,decoder_cross_attn,5,per_head,1.5,add,-9.739534378051758,-9.891073226928711,-8.23955249786377,-9.73011589050293,,0.009418487548828125,2.274880886077881
19335,6902387,information_random_1,4,decoder_cross_attn,2,per_head,0.5,add,-9.739534378051758,-9.891073226928711,-8.23955249786377,-9.735029220581055,,0.004505157470703125,1.0704455375671387
19335,6902387,information_random_1,4,decoder_cross_attn,2,per_head,1.0,add,-9.739534378051758,-9.891073226928711,-8.23955249786377,-9.730520248413086,,0.009014129638671875,1.0704455375671387
19335,6902387,information_random_1,4,decoder_cross_attn,2,per_head,1.5,add,-9.739534378051758,-9.891073226928711,-8.23955249786377,-9.725967407226562,,0.013566970825195312,1.0704455375671387
19335,6902387,information_random_1,7,decoder_cross_attn,6,per_head,0.5,add,-9.739534378051758,-9.891073226928711,-8.23955249786377,-9.7345552444458,,0.004979133605957031,1.165013313293457
19335,6902387,information_random_1,7,decoder_cross_attn,6,per_head,1.0,add,-9.739534378051758,-9.891073226928711,-8.23955249786377,-9.729562759399414,,0.00997161865234375,1.165013313293457
19335,6902387,information_random_1,7,decoder_cross_attn,6,per_head,1.5,add,-9.739534378051758,-9.891073226928711,-8.23955249786377,-9.724569320678711,,0.014965057373046875,1.165013313293457
19335,6902387,information_random_1,11,decoder_cross_attn,2,per_head,0.5,add,-9.739534378051758,-9.891073226928711,-8.23955249786377,-9.733224868774414,,0.00630950927734375,2.1183841228485107
19335,6902387,information_random_1,11,decoder_cross_attn,2,per_head,1.0,add,-9.739534378051758,-9.891073226928711,-8.23955249786377,-9.72690200805664,,0.012632369995117188,2.1183841228485107
19335,6902387,information_random_1,11,decoder_cross_attn,2,per_head,1.5,add,-9.739534378051758,-9.891073226928711,-8.23955249786377,-9.720573425292969,,0.018960952758789062,2.1183841228485107
19335,6902387,information_random_1,5,decoder_cross_attn,7,per_head,0.5,add,-9.739534378051758,-9.891073226928711,-8.23955249786377,-9.732417106628418,,0.007117271423339844,1.3838692903518677
19335,6902387,information_random_1,5,decoder_cross_attn,7,per_head,1.0,add,-9.739534378051758,-9.891073226928711,-8.23955249786377,-9.725257873535156,,0.014276504516601562,1.3838692903518677
19335,6902387,information_random_1,5,decoder_cross_attn,7,per_head,1.5,add,-9.739534378051758,-9.891073226928711,-8.23955249786377,-9.718095779418945,,0.0214385986328125,1.3838692903518677
19335,6902387,information_random_1,6,decoder_cross_attn,9,per_head,0.5,add,-9.739534378051758,-9.891073226928711,-8.23955249786377,-9.733905792236328,,0.0056285858154296875,1.6831058263778687
19335,6902387,information_random_1,6,decoder_cross_attn,9,per_head,1.0,add,-9.739534378051758,-9.891073226928711,-8.23955249786377,-9.728219032287598,,0.011315345764160156,1.6831058263778687
19335,6902387,information_random_1,6,decoder_cross_attn,9,per_head,1.5,add,-9.739534378051758,-9.891073226928711,-8.23955249786377,-9.722586631774902,,0.01694774627685547,1.6831058263778687
19335,6902387,information_random_1,0,decoder_cross_attn,5,per_head,0.5,add,-9.739534378051758,-9.891073226928711,-8.23955249786377,-9.735330581665039,,0.00420379638671875,0.8403618335723877
19335,6902387,information_random_1,0,decoder_cross_attn,5,per_head,1.0,add,-9.739534378051758,-9.891073226928711,-8.23955249786377,-9.7311372756958,,0.008397102355957031,0.8403618335723877
19335,6902387,information_random_1,0,decoder_cross_attn,5,per_head,1.5,add,-9.739534378051758,-9.891073226928711,-8.23955249786377,-9.726908683776855,,0.012625694274902344,0.8403618335723877
19335,6902387,information_random_1,6,decoder_cross_attn,7,per_head,0.5,add,-9.739534378051758,-9.891073226928711,-8.23955249786377,-9.726240158081055,,0.013294219970703125,2.008059024810791
19335,6902387,information_random_1,6,decoder_cross_attn,7,per_head,1.0,add,-9.739534378051758,-9.891073226928711,-8.23955249786377,-9.712966918945312,,0.026567459106445312,2.008059024810791
19335,6902387,information_random_1,6,decoder_cross_attn,7,per_head,1.5,add,-9.739534378051758,-9.891073226928711,-8.23955249786377,-9.699666976928711,,0.039867401123046875,2.008059024810791
1113437,657405,information_random_1,11,decoder_cross_attn,3,per_head,0.5,subtract,-11.978222846984863,-11.814058303833008,-10.89533519744873,-10.916173934936523,0.02083873748779297,,4.913106441497803
1113437,657405,information_random_1,11,decoder_cross_attn,3,per_head,1.0,subtract,-11.978222846984863,-11.814058303833008,-10.89533519744873,-10.93683910369873,0.04150390625,,4.913106441497803
1113437,657405,information_random_1,11,decoder_cross_attn,3,per_head,1.5,subtract,-11.978222846984863,-11.814058303833008,-10.89533519744873,-10.957430839538574,0.06209564208984375,,4.913106441497803
1113437,657405,information_random_1,11,decoder_cross_attn,6,per_head,0.5,subtract,-11.978222846984863,-11.814058303833008,-10.89533519744873,-10.906096458435059,0.010761260986328125,,3.656248092651367
1113437,657405,information_random_1,11,decoder_cross_attn,6,per_head,1.0,subtract,-11.978222846984863,-11.814058303833008,-10.89533519744873,-10.91682243347168,0.02148723602294922,,3.656248092651367
1113437,657405,information_random_1,11,decoder_cross_attn,6,per_head,1.5,subtract,-11.978222846984863,-11.814058303833008,-10.89533519744873,-10.927513122558594,0.03217792510986328,,3.656248092651367
1113437,657405,information_random_1,11,decoder_cross_attn,11,per_head,0.5,subtract,-11.978222846984863,-11.814058303833008,-10.89533519744873,-10.913307189941406,0.01797199249267578,,3.6226985454559326
1113437,657405,information_random_1,11,decoder_cross_attn,11,per_head,1.0,subtract,-11.978222846984863,-11.814058303833008,-10.89533519744873,-10.931252479553223,0.03591728210449219,,3.6226985454559326
1113437,657405,information_random_1,11,decoder_cross_attn,11,per_head,1.5,subtract,-11.978222846984863,-11.814058303833008,-10.89533519744873,-10.94917106628418,0.05383586883544922,,3.6226985454559326
1113437,657405,information_random_1,11,decoder_cross_attn,0,per_head,0.5,subtract,-11.978222846984863,-11.814058303833008,-10.89533519744873,-10.902387619018555,0.007052421569824219,,2.1161696910858154
1113437,657405,information_random_1,11,decoder_cross_attn,0,per_head,1.0,subtract,-11.978222846984863,-11.814058303833008,-10.89533519744873,-10.90943717956543,0.014101982116699219,,2.1161696910858154
1113437,657405,information_random_1,11,decoder_cross_attn,0,per_head,1.5,subtract,-11.978222846984863,-11.814058303833008,-10.89533519744873,-10.916463851928711,0.02112865447998047,,2.1161696910858154
1113437,657405,information_random_1,11,decoder_self_attn,3,per_head,0.5,subtract,-11.978222846984863,-11.814058303833008,-10.89533519744873,-10.895767211914062,0.00043201446533203125,,2.173255205154419
1113437,657405,information_random_1,11,decoder_self_attn,3,per_head,1.0,subtract,-11.978222846984863,-11.814058303833008,-10.89533519744873,-10.896171569824219,0.0008363723754882812,,2.173255205154419
1113437,657405,information_random_1,11,decoder_self_attn,3,per_head,1.5,subtract,-11.978222846984863,-11.814058303833008,-10.89533519744873,-10.896551132202148,0.0012159347534179688,,2.173255205154419
1113437,657405,information_random_1,9,decoder_cross_attn,2,per_head,0.5,subtract,-11.978222846984863,-11.814058303833008,-10.89533519744873,-10.913174629211426,0.017839431762695312,,4.228691101074219
1113437,657405,information_random_1,9,decoder_cross_attn,2,per_head,1.0,subtract,-11.978222846984863,-11.814058303833008,-10.89533519744873,-10.930876731872559,0.035541534423828125,,4.228691101074219
1113437,657405,information_random_1,9,decoder_cross_attn,2,per_head,1.5,subtract,-11.978222846984863,-11.814058303833008,-10.89533519744873,-10.948526382446289,0.053191184997558594,,4.228691101074219
1113437,657405,information_random_1,10,decoder_cross_attn,0,per_head,0.5,subtract,-11.978222846984863,-11.814058303833008,-10.89533519744873,-10.887553215026855,-0.007781982421875,,12.12502384185791
1113437,657405,information_random_1,10,decoder_cross_attn,0,per_head,1.0,subtract,-11.978222846984863,-11.814058303833008,-10.89533519744873,-10.877821922302246,-0.017513275146484375,,12.12502384185791
1113437,657405,information_random_1,10,decoder_cross_attn,0,per_head,1.5,subtract,-11.978222846984863,-11.814058303833008,-10.89533519744873,-10.866698265075684,-0.028636932373046875,,12.12502384185791
1113437,657405,information_random_1,10,decoder_cross_attn,3,per_head,0.5,subtract,-11.978222846984863,-11.814058303833008,-10.89533519744873,-10.89867877960205,0.0033435821533203125,,2.247756242752075
1113437,657405,information_random_1,10,decoder_cross_attn,3,per_head,1.0,subtract,-11.978222846984863,-11.814058303833008,-10.89533519744873,-10.902022361755371,0.006687164306640625,,2.247756242752075
1113437,657405,information_random_1,10,decoder_cross_attn,3,per_head,1.5,subtract,-11.978222846984863,-11.814058303833008,-10.89533519744873,-10.905367851257324,0.01003265380859375,,2.247756242752075
1113437,657405,information_random_1,8,decoder_cross_attn,7,per_head,0.5,subtract,-11.978222846984863,-11.814058303833008,-10.89533519744873,-10.910460472106934,0.015125274658203125,,2.599320650100708
1113437,657405,information_random_1,8,decoder_cross_attn,7,per_head,1.0,subtract,-11.978222846984863,-11.814058303833008,-10.89533519744873,-10.925342559814453,0.030007362365722656,,2.599320650100708
1113437,657405,information_random_1,8,decoder_cross_attn,7,per_head,1.5,subtract,-11.978222846984863,-11.814058303833008,-10.89533519744873,-10.940160751342773,0.04482555389404297,,2.599320650100708
1113437,657405,information_random_1,9,decoder_cross_attn,7,per_head,0.5,subtract,-11.978222846984863,-11.814058303833008,-10.89533519744873,-10.903531074523926,0.008195877075195312,,3.426360607147217
1113437,657405,information_random_1,9,decoder_cross_attn,7,per_head,1.0,subtract,-11.978222846984863,-11.814058303833008,-10.89533519744873,-10.91170597076416,0.016370773315429688,,3.426360607147217
1113437,657405,information_random_1,9,decoder_cross_attn,7,per_head,1.5,subtract,-11.978222846984863,-11.814058303833008,-10.89533519744873,-10.919833183288574,0.02449798583984375,,3.426360607147217
1113437,657405,information_random_1,11,decoder_cross_attn,1,per_head,0.5,subtract,-11.978222846984863,-11.814058303833008,-10.89533519744873,-10.898712158203125,0.0033769607543945312,,2.567375898361206
1113437,657405,information_random_1,11,decoder_cross_attn,1,per_head,1.0,subtract,-11.978222846984863,-11.814058303833008,-10.89533519744873,-10.902017593383789,0.006682395935058594,,2.567375898361206
1113437,657405,information_random_1,11,decoder_cross_attn,1,per_head,1.5,subtract,-11.978222846984863,-11.814058303833008,-10.89533519744873,-10.905275344848633,0.009940147399902344,,2.567375898361206
1113437,657405,information_random_1,8,decoder_cross_attn,0,per_head,0.5,subtract,-11.978222846984863,-11.814058303833008,-10.89533519744873,-10.89890193939209,0.003566741943359375,,2.3537819385528564
1113437,657405,information_random_1,8,decoder_cross_attn,0,per_head,1.0,subtract,-11.978222846984863,-11.814058303833008,-10.89533519744873,-10.902387619018555,0.007052421569824219,,2.3537819385528564
1113437,657405,information_random_1,8,decoder_cross_attn,0,per_head,1.5,subtract,-11.978222846984863,-11.814058303833008,-10.89533519744873,-10.905929565429688,0.010594367980957031,,2.3537819385528564
1113437,657405,information_random_1,7,decoder_cross_attn,3,per_head,0.5,subtract,-11.978222846984863,-11.814058303833008,-10.89533519744873,-10.907071113586426,0.011735916137695312,,2.7912943363189697
1113437,657405,information_random_1,7,decoder_cross_attn,3,per_head,1.0,subtract,-11.978222846984863,-11.814058303833008,-10.89533519744873,-10.91848087310791,0.023145675659179688,,2.7912943363189697
1113437,657405,information_random_1,7,decoder_cross_attn,3,per_head,1.5,subtract,-11.978222846984863,-11.814058303833008,-10.89533519744873,-10.929627418518066,0.03429222106933594,,2.7912943363189697
1113437,657405,information_random_1,10,decoder_cross_attn,6,per_head,0.5,subtract,-11.978222846984863,-11.814058303833008,-10.89533519744873,-10.899024963378906,0.0036897659301757812,,1.9554365873336792
1113437,657405,information_random_1,10,decoder_cross_attn,6,per_head,1.0,subtract,-11.978222846984863,-11.814058303833008,-10.89533519744873,-10.902652740478516,0.007317543029785156,,1.9554365873336792
1113437,657405,information_random_1,10,decoder_cross_attn,6,per_head,1.5,subtract,-11.978222846984863,-11.814058303833008,-10.89533519744873,-10.906275749206543,0.0109405517578125,,1.9554365873336792
1113437,657405,information_random_1,7,decoder_cross_attn,5,per_head,0.5,subtract,-11.978222846984863,-11.814058303833008,-10.89533519744873,-10.897295951843262,0.00196075439453125,,2.274880886077881
1113437,657405,information_random_1,7,decoder_cross_attn,5,per_head,1.0,subtract,-11.978222846984863,-11.814058303833008,-10.89533519744873,-10.899197578430176,0.0038623809814453125,,2.274880886077881
1113437,657405,information_random_1,7,decoder_cross_attn,5,per_head,1.5,subtract,-11.978222846984863,-11.814058303833008,-10.89533519744873,-10.901005744934082,0.0056705474853515625,,2.274880886077881
1113437,657405,information_random_1,4,decoder_cross_attn,2,per_head,0.5,subtract,-11.978222846984863,-11.814058303833008,-10.89533519744873,-10.896696090698242,0.0013608932495117188,,1.0704455375671387
1113437,657405,information_random_1,4,decoder_cross_attn,2,per_head,1.0,subtract,-11.978222846984863,-11.814058303833008,-10.89533519744873,-10.898073196411133,0.0027379989624023438,,1.0704455375671387
1113437,657405,information_random_1,4,decoder_cross_attn,2,per_head,1.5,subtract,-11.978222846984863,-11.814058303833008,-10.89533519744873,-10.89951229095459,0.004177093505859375,,1.0704455375671387
1113437,657405,information_random_1,7,decoder_cross_attn,6,per_head,0.5,subtract,-11.978222846984863,-11.814058303833008,-10.89533519744873,-10.897517204284668,0.0021820068359375,,1.165013313293457
1113437,657405,information_random_1,7,decoder_cross_attn,6,per_head,1.0,subtract,-11.978222846984863,-11.814058303833008,-10.89533519744873,-10.899589538574219,0.004254341125488281,,1.165013313293457
1113437,657405,information_random_1,7,decoder_cross_attn,6,per_head,1.5,subtract,-11.978222846984863,-11.814058303833008,-10.89533519744873,-10.901657104492188,0.006321907043457031,,1.165013313293457
1113437,657405,information_random_1,11,decoder_cross_attn,2,per_head,0.5,subtract,-11.978222846984863,-11.814058303833008,-10.89533519744873,-10.901723861694336,0.006388664245605469,,2.1183841228485107
1113437,657405,information_random_1,11,decoder_cross_attn,2,per_head,1.0,subtract,-11.978222846984863,-11.814058303833008,-10.89533519744873,-10.908098220825195,0.012763023376464844,,2.1183841228485107
1113437,657405,information_random_1,11,decoder_cross_attn,2,per_head,1.5,subtract,-11.978222846984863,-11.814058303833008,-10.89533519744873,-10.914402961730957,0.019067764282226562,,2.1183841228485107
1113437,657405,information_random_1,5,decoder_cross_attn,7,per_head,0.5,subtract,-11.978222846984863,-11.814058303833008,-10.89533519744873,-10.900070190429688,0.004734992980957031,,1.3838692903518677
1113437,657405,information_random_1,5,decoder_cross_attn,7,per_head,1.0,subtract,-11.978222846984863,-11.814058303833008,-10.89533519744873,-10.904792785644531,0.009457588195800781,,1.3838692903518677
1113437,657405,information_random_1,5,decoder_cross_attn,7,per_head,1.5,subtract,-11.978222846984863,-11.814058303833008,-10.89533519744873,-10.909507751464844,0.014172554016113281,,1.3838692903518677
1113437,657405,information_random_1,6,decoder_cross_attn,9,per_head,0.5,subtract,-11.978222846984863,-11.814058303833008,-10.89533519744873,-10.900202751159668,0.0048675537109375,,1.6831058263778687
1113437,657405,information_random_1,6,decoder_cross_attn,9,per_head,1.0,subtract,-11.978222846984863,-11.814058303833008,-10.89533519744873,-10.905048370361328,0.009713172912597656,,1.6831058263778687
1113437,657405,information_random_1,6,decoder_cross_attn,9,per_head,1.5,subtract,-11.978222846984863,-11.814058303833008,-10.89533519744873,-10.909953117370605,0.014617919921875,,1.6831058263778687
1113437,657405,information_random_1,0,decoder_cross_attn,5,per_head,0.5,subtract,-11.978222846984863,-11.814058303833008,-10.89533519744873,-10.897964477539062,0.0026292800903320312,,0.8403618335723877
1113437,657405,information_random_1,0,decoder_cross_attn,5,per_head,1.0,subtract,-11.978222846984863,-11.814058303833008,-10.89533519744873,-10.900589942932129,0.0052547454833984375,,0.8403618335723877
1113437,657405,information_random_1,0,decoder_cross_attn,5,per_head,1.5,subtract,-11.978222846984863,-11.814058303833008,-10.89533519744873,-10.90322494506836,0.007889747619628906,,0.8403618335723877
1113437,657405,information_random_1,6,decoder_cross_attn,7,per_head,0.5,subtract,-11.978222846984863,-11.814058303833008,-10.89533519744873,-10.902914047241211,0.007578849792480469,,2.008059024810791
1113437,657405,information_random_1,6,decoder_cross_attn,7,per_head,1.0,subtract,-11.978222846984863,-11.814058303833008,-10.89533519744873,-10.910396575927734,0.015061378479003906,,2.008059024810791
1113437,657405,information_random_1,6,decoder_cross_attn,7,per_head,1.5,subtract,-11.978222846984863,-11.814058303833008,-10.89533519744873,-10.917792320251465,0.022457122802734375,,2.008059024810791
1113437,657405,information_random_1,11,decoder_cross_attn,3,per_head,0.5,add,-11.978222846984863,-11.814058303833008,-10.89533519744873,-11.958442687988281,,0.01978015899658203,4.913106441497803
1113437,657405,information_random_1,11,decoder_cross_attn,3,per_head,1.0,add,-11.978222846984863,-11.814058303833008,-10.89533519744873,-11.938677787780762,,0.03954505920410156,4.913106441497803
1113437,657405,information_random_1,11,decoder_cross_attn,3,per_head,1.5,add,-11.978222846984863,-11.814058303833008,-10.89533519744873,-11.918728828430176,,0.0594940185546875,4.913106441497803
1113437,657405,information_random_1,11,decoder_cross_attn,6,per_head,0.5,add,-11.978222846984863,-11.814058303833008,-10.89533519744873,-11.967836380004883,,0.010386466979980469,3.656248092651367
1113437,657405,information_random_1,11,decoder_cross_attn,6,per_head,1.0,add,-11.978222846984863,-11.814058303833008,-10.89533519744873,-11.957507133483887,,0.020715713500976562,3.656248092651367
1113437,657405,information_random_1,11,decoder_cross_attn,6,per_head,1.5,add,-11.978222846984863,-11.814058303833008,-10.89533519744873,-11.947139739990234,,0.031083106994628906,3.656248092651367
1113437,657405,information_random_1,11,decoder_cross_attn,11,per_head,0.5,add,-11.978222846984863,-11.814058303833008,-10.89533519744873,-11.961225509643555,,0.016997337341308594,3.6226985454559326
1113437,657405,information_random_1,11,decoder_cross_attn,11,per_head,1.0,add,-11.978222846984863,-11.814058303833008,-10.89533519744873,-11.944202423095703,,0.034020423889160156,3.6226985454559326
1113437,657405,information_random_1,11,decoder_cross_attn,11,per_head,1.5,add,-11.978222846984863,-11.814058303833008,-10.89533519744873,-11.927142143249512,,0.05108070373535156,3.6226985454559326
1113437,657405,information_random_1,11,decoder_cross_attn,0,per_head,0.5,add,-11.978222846984863,-11.814058303833008,-10.89533519744873,-11.97173023223877,,0.00649261474609375,2.1161696910858154
1113437,657405,information_random_1,11,decoder_cross_attn,0,per_head,1.0,add,-11.978222846984863,-11.814058303833008,-10.89533519744873,-11.965228080749512,,0.012994766235351562,2.1161696910858154
1113437,657405,information_random_1,11,decoder_cross_attn,0,per_head,1.5,add,-11.978222846984863,-11.814058303833008,-10.89533519744873,-11.958707809448242,,0.019515037536621094,2.1161696910858154
1113437,657405,information_random_1,11,decoder_self_attn,3,per_head,0.5,add,-11.978222846984863,-11.814058303833008,-10.89533519744873,-11.9784517288208,,-0.0002288818359375,2.173255205154419
1113437,657405,information_random_1,11,decoder_self_attn,3,per_head,1.0,add,-11.978222846984863,-11.814058303833008,-10.89533519744873,-11.978656768798828,,-0.00043392181396484375,2.173255205154419
1113437,657405,information_random_1,11,decoder_self_attn,3,per_head,1.5,add,-11.978222846984863,-11.814058303833008,-10.89533519744873,-11.978835105895996,,-0.0006122589111328125,2.173255205154419
1113437,657405,information_random_1,9,decoder_cross_attn,2,per_head,0.5,add,-11.978222846984863,-11.814058303833008,-10.89533519744873,-11.961235046386719,,0.01698780059814453,4.228691101074219
1113437,657405,information_random_1,9,decoder_cross_attn,2,per_head,1.0,add,-11.978222846984863,-11.814058303833008,-10.89533519744873,-11.944140434265137,,0.03408241271972656,4.228691101074219
1113437,657405,information_random_1,9,decoder_cross_attn,2,per_head,1.5,add,-11.978222846984863,-11.814058303833008,-10.89533519744873,-11.926947593688965,,0.05127525329589844,4.228691101074219
1113437,657405,information_random_1,10,decoder_cross_attn,0,per_head,0.5,add,-11.978222846984863,-11.814058303833008,-10.89533519744873,-11.989945411682129,,-0.011722564697265625,12.12502384185791
1113437,657405,information_random_1,10,decoder_cross_attn,0,per_head,1.0,add,-11.978222846984863,-11.814058303833008,-10.89533519744873,-11.99992561340332,,-0.02170276641845703,12.12502384185791
1113437,657405,information_random_1,10,decoder_cross_attn,0,per_head,1.5,add,-11.978222846984863,-11.814058303833008,-10.89533519744873,-12.00851058959961,,-0.030287742614746094,12.12502384185791
1113437,657405,information_random_1,10,decoder_cross_attn,3,per_head,0.5,add,-11.978222846984863,-11.814058303833008,-10.89533519744873,-11.97452163696289,,0.0037012100219726562,2.247756242752075
1113437,657405,information_random_1,10,decoder_cross_attn,3,per_head,1.0,add,-11.978222846984863,-11.814058303833008,-10.89533519744873,-11.970858573913574,,0.0073642730712890625,2.247756242752075
1113437,657405,information_random_1,10,decoder_cross_attn,3,per_head,1.5,add,-11.978222846984863,-11.814058303833008,-10.89533519744873,-11.96735668182373,,0.010866165161132812,2.247756242752075
1113437,657405,information_random_1,8,decoder_cross_attn,7,per_head,0.5,add,-11.978222846984863,-11.814058303833008,-10.89533519744873,-11.962162017822266,,0.016060829162597656,2.599320650100708
1113437,657405,information_random_1,8,decoder_cross_attn,7,per_head,1.0,add,-11.978222846984863,-11.814058303833008,-10.89533519744873,-11.946094512939453,,0.032128334045410156,2.599320650100708
1113437,657405,information_random_1,8,decoder_cross_attn,7,per_head,1.5,add,-11.978222846984863,-11.814058303833008,-10.89533519744873,-11.930041313171387,,0.04818153381347656,2.599320650100708
1113437,657405,information_random_1,9,decoder_cross_attn,7,per_head,0.5,add,-11.978222846984863,-11.814058303833008,-10.89533519744873,-11.96995735168457,,0.008265495300292969,3.426360607147217
1113437,657405,information_random_1,9,decoder_cross_attn,7,per_head,1.0,add,-11.978222846984863,-11.814058303833008,-10.89533519744873,-11.96168327331543,,0.016539573669433594,3.426360607147217
1113437,657405,information_random_1,9,decoder_cross_attn,7,per_head,1.5,add,-11.978222846984863,-11.814058303833008,-10.89533519744873,-11.953335762023926,,0.0248870849609375,3.426360607147217
1113437,657405,information_random_1,11,decoder_cross_attn,1,per_head,0.5,add,-11.978222846984863,-11.814058303833008,-10.89533519744873,-11.975340843200684,,0.0028820037841796875,2.567375898361206
1113437,657405,information_random_1,11,decoder_cross_attn,1,per_head,1.0,add,-11.978222846984863,-11.814058303833008,-10.89533519744873,-11.97243881225586,,0.005784034729003906,2.567375898361206
1113437,657405,information_random_1,11,decoder_cross_attn,1,per_head,1.5,add,-11.978222846984863,-11.814058303833008,-10.89533519744873,-11.969561576843262,,0.008661270141601562,2.567375898361206
1113437,657405,information_random_1,8,decoder_cross_attn,0,per_head,0.5,add,-11.978222846984863,-11.814058303833008,-10.89533519744873,-11.974298477172852,,0.003924369812011719,2.3537819385528564
1113437,657405,information_random_1,8,decoder_cross_attn,0,per_head,1.0,add,-11.978222846984863,-11.814058303833008,-10.89533519744873,-11.970352172851562,,0.007870674133300781,2.3537819385528564
1113437,657405,information_random_1,8,decoder_cross_attn,0,per_head,1.5,add,-11.978222846984863,-11.814058303833008,-10.89533519744873,-11.96639347076416,,0.011829376220703125,2.3537819385528564
1113437,657405,information_random_1,7,decoder_cross_attn,3,per_head,0.5,add,-11.978222846984863,-11.814058303833008,-10.89533519744873,-11.968084335327148,,0.010138511657714844,2.7912943363189697
1113437,657405,information_random_1,7,decoder_cross_attn,3,per_head,1.0,add,-11.978222846984863,-11.814058303833008,-10.89533519744873,-11.957855224609375,,0.02036762237548828,2.7912943363189697
1113437,657405,information_random_1,7,decoder_cross_attn,3,per_head,1.5,add,-11.978222846984863,-11.814058303833008,-10.89533519744873,-11.947627067565918,,0.030595779418945312,2.7912943363189697
1113437,657405,information_random_1,10,decoder_cross_attn,6,per_head,0.5,add,-11.978222846984863,-11.814058303833008,-10.89533519744873,-11.974103927612305,,0.004118919372558594,1.9554365873336792
1113437,657405,information_random_1,10,decoder_cross_attn,6,per_head,1.0,add,-11.978222846984863,-11.814058303833008,-10.89533519744873,-11.969987869262695,,0.008234977722167969,1.9554365873336792
1113437,657405,information_random_1,10,decoder_cross_attn,6,per_head,1.5,add,-11.978222846984863,-11.814058303833008,-10.89533519744873,-11.96585750579834,,0.012365341186523438,1.9554365873336792
1113437,657405,information_random_1,7,decoder_cross_attn,5,per_head,0.5,add,-11.978222846984863,-11.814058303833008,-10.89533519744873,-11.97602367401123,,0.0021991729736328125,2.274880886077881
1113437,657405,information_random_1,7,decoder_cross_attn,5,per_head,1.0,add,-11.978222846984863,-11.814058303833008,-10.89533519744873,-11.97374153137207,,0.004481315612792969,2.274880886077881
1113437,657405,information_random_1,7,decoder_cross_attn,5,per_head,1.5,add,-11.978222846984863,-11.814058303833008,-10.89533519744873,-11.971442222595215,,0.0067806243896484375,2.274880886077881
1113437,657405,information_random_1,4,decoder_cross_attn,2,per_head,0.5,add,-11.978222846984863,-11.814058303833008,-10.89533519744873,-11.976320266723633,,0.0019025802612304688,1.0704455375671387
1113437,657405,information_random_1,4,decoder_cross_attn,2,per_head,1.0,add,-11.978222846984863,-11.814058303833008,-10.89533519744873,-11.974400520324707,,0.00382232666015625,1.0704455375671387
1113437,657405,information_random_1,4,decoder_cross_attn,2,per_head,1.5,add,-11.978222846984863,-11.814058303833008,-10.89533519744873,-11.972482681274414,,0.005740165710449219,1.0704455375671387
1113437,657405,information_random_1,7,decoder_cross_attn,6,per_head,0.5,add,-11.978222846984863,-11.814058303833008,-10.89533519744873,-11.975343704223633,,0.0028791427612304688,1.165013313293457
1113437,657405,information_random_1,7,decoder_cross_attn,6,per_head,1.0,add,-11.978222846984863,-11.814058303833008,-10.89533519744873,-11.972482681274414,,0.005740165710449219,1.165013313293457
1113437,657405,information_random_1,7,decoder_cross_attn,6,per_head,1.5,add,-11.978222846984863,-11.814058303833008,-10.89533519744873,-11.969608306884766,,0.008614540100097656,1.165013313293457
1113437,657405,information_random_1,11,decoder_cross_attn,2,per_head,0.5,add,-11.978222846984863,-11.814058303833008,-10.89533519744873,-11.97213077545166,,0.006092071533203125,2.1183841228485107
1113437,657405,information_random_1,11,decoder_cross_attn,2,per_head,1.0,add,-11.978222846984863,-11.814058303833008,-10.89533519744873,-11.966028213500977,,0.012194633483886719,2.1183841228485107
1113437,657405,information_random_1,11,decoder_cross_attn,2,per_head,1.5,add,-11.978222846984863,-11.814058303833008,-10.89533519744873,-11.959912300109863,,0.018310546875,2.1183841228485107
1113437,657405,information_random_1,5,decoder_cross_attn,7,per_head,0.5,add,-11.978222846984863,-11.814058303833008,-10.89533519744873,-11.973041534423828,,0.005181312561035156,1.3838692903518677
1113437,657405,information_random_1,5,decoder_cross_attn,7,per_head,1.0,add,-11.978222846984863,-11.814058303833008,-10.89533519744873,-11.967849731445312,,0.010373115539550781,1.3838692903518677
1113437,657405,information_random_1,5,decoder_cross_attn,7,per_head,1.5,add,-11.978222846984863,-11.814058303833008,-10.89533519744873,-11.962645530700684,,0.015577316284179688,1.3838692903518677
1113437,657405,information_random_1,6,decoder_cross_attn,9,per_head,0.5,add,-11.978222846984863,-11.814058303833008,-10.89533519744873,-11.973639488220215,,0.0045833587646484375,1.6831058263778687
1113437,657405,information_random_1,6,decoder_cross_attn,9,per_head,1.0,add,-11.978222846984863,-11.814058303833008,-10.89533519744873,-11.969107627868652,,0.009115219116210938,1.6831058263778687
1113437,657405,information_random_1,6,decoder_cross_attn,9,per_head,1.5,add,-11.978222846984863,-11.814058303833008,-10.89533519744873,-11.964581489562988,,0.013641357421875,1.6831058263778687
1113437,657405,information_random_1,0,decoder_cross_attn,5,per_head,0.5,add,-11.978222846984863,-11.814058303833008,-10.89533519744873,-11.975526809692383,,0.0026960372924804688,0.8403618335723877
1113437,657405,information_random_1,0,decoder_cross_attn,5,per_head,1.0,add,-11.978222846984863,-11.814058303833008,-10.89533519744873,-11.97282886505127,,0.00539398193359375,0.8403618335723877
1113437,657405,information_random_1,0,decoder_cross_attn,5,per_head,1.5,add,-11.978222846984863,-11.814058303833008,-10.89533519744873,-11.970049858093262,,0.008172988891601562,0.8403618335723877
1113437,657405,information_random_1,6,decoder_cross_attn,7,per_head,0.5,add,-11.978222846984863,-11.814058303833008,-10.89533519744873,-11.969106674194336,,0.009116172790527344,2.008059024810791
1113437,657405,information_random_1,6,decoder_cross_attn,7,per_head,1.0,add,-11.978222846984863,-11.814058303833008,-10.89533519744873,-11.959929466247559,,0.018293380737304688,2.008059024810791
1113437,657405,information_random_1,6,decoder_cross_attn,7,per_head,1.5,add,-11.978222846984863,-11.814058303833008,-10.89533519744873,-11.950860977172852,,0.02736186981201172,2.008059024810791
1114819,5738917,information_random_1,11,decoder_cross_attn,3,per_head,0.5,subtract,-11.394709587097168,-11.620866775512695,-10.714629173278809,-10.737699508666992,0.023070335388183594,,4.913106441497803
1114819,5738917,information_random_1,11,decoder_cross_attn,3,per_head,1.0,subtract,-11.394709587097168,-11.620866775512695,-10.714629173278809,-10.760758399963379,0.04612922668457031,,4.913106441497803
1114819,5738917,information_random_1,11,decoder_cross_attn,3,per_head,1.5,subtract,-11.394709587097168,-11.620866775512695,-10.714629173278809,-10.783721923828125,0.0690927505493164,,4.913106441497803
1114819,5738917,information_random_1,11,decoder_cross_attn,6,per_head,0.5,subtract,-11.394709587097168,-11.620866775512695,-10.714629173278809,-10.727128028869629,0.012498855590820312,,3.656248092651367
1114819,5738917,information_random_1,11,decoder_cross_attn,6,per_head,1.0,subtract,-11.394709587097168,-11.620866775512695,-10.714629173278809,-10.7395658493042,0.024936676025390625,,3.656248092651367
1114819,5738917,information_random_1,11,decoder_cross_attn,6,per_head,1.5,subtract,-11.394709587097168,-11.620866775512695,-10.714629173278809,-10.751964569091797,0.03733539581298828,,3.656248092651367
1114819,5738917,information_random_1,11,decoder_cross_attn,11,per_head,0.5,subtract,-11.394709587097168,-11.620866775512695,-10.714629173278809,-10.733970642089844,0.019341468811035156,,3.6226985454559326
1114819,5738917,information_random_1,11,decoder_cross_attn,11,per_head,1.0,subtract,-11.394709587097168,-11.620866775512695,-10.714629173278809,-10.753311157226562,0.038681983947753906,,3.6226985454559326
1114819,5738917,information_random_1,11,decoder_cross_attn,11,per_head,1.5,subtract,-11.394709587097168,-11.620866775512695,-10.714629173278809,-10.772605895996094,0.057976722717285156,,3.6226985454559326
1114819,5738917,information_random_1,11,decoder_cross_attn,0,per_head,0.5,subtract,-11.394709587097168,-11.620866775512695,-10.714629173278809,-10.72165298461914,0.007023811340332031,,2.1161696910858154
1114819,5738917,information_random_1,11,decoder_cross_attn,0,per_head,1.0,subtract,-11.394709587097168,-11.620866775512695,-10.714629173278809,-10.728663444519043,0.014034271240234375,,2.1161696910858154
1114819,5738917,information_random_1,11,decoder_cross_attn,0,per_head,1.5,subtract,-11.394709587097168,-11.620866775512695,-10.714629173278809,-10.735652923583984,0.02102375030517578,,2.1161696910858154
1114819,5738917,information_random_1,11,decoder_self_attn,3,per_head,0.5,subtract,-11.394709587097168,-11.620866775512695,-10.714629173278809,-10.715985298156738,0.0013561248779296875,,2.173255205154419
1114819,5738917,information_random_1,11,decoder_self_attn,3,per_head,1.0,subtract,-11.394709587097168,-11.620866775512695,-10.714629173278809,-10.717289924621582,0.0026607513427734375,,2.173255205154419
1114819,5738917,information_random_1,11,decoder_self_attn,3,per_head,1.5,subtract,-11.394709587097168,-11.620866775512695,-10.714629173278809,-10.71857738494873,0.003948211669921875,,2.173255205154419
1114819,5738917,information_random_1,9,decoder_cross_attn,2,per_head,0.5,subtract,-11.394709587097168,-11.620866775512695,-10.714629173278809,-10.73901653289795,0.024387359619140625,,4.228691101074219
1114819,5738917,information_random_1,9,decoder_cross_attn,2,per_head,1.0,subtract,-11.394709587097168,-11.620866775512695,-10.714629173278809,-10.763298988342285,0.04866981506347656,,4.228691101074219
1114819,5738917,information_random_1,9,decoder_cross_attn,2,per_head,1.5,subtract,-11.394709587097168,-11.620866775512695,-10.714629173278809,-10.787424087524414,0.07279491424560547,,4.228691101074219
1114819,5738917,information_random_1,10,decoder_cross_attn,0,per_head,0.5,subtract,-11.394709587097168,-11.620866775512695,-10.714629173278809,-10.704166412353516,-0.010462760925292969,,12.12502384185791
1114819,5738917,information_random_1,10,decoder_cross_attn,0,per_head,1.0,subtract,-11.394709587097168,-11.620866775512695,-10.714629173278809,-10.693307876586914,-0.02132129669189453,,12.12502384185791
1114819,5738917,information_random_1,10,decoder_cross_attn,0,per_head,1.5,subtract,-11.394709587097168,-11.620866775512695,-10.714629173278809,-10.681001663208008,-0.03362751007080078,,12.12502384185791
1114819,5738917,information_random_1,10,decoder_cross_attn,3,per_head,0.5,subtract,-11.394709587097168,-11.620866775512695,-10.714629173278809,-10.719758033752441,0.0051288604736328125,,2.247756242752075
1114819,5738917,information_random_1,10,decoder_cross_attn,3,per_head,1.0,subtract,-11.394709587097168,-11.620866775512695,-10.714629173278809,-10.72494888305664,0.010319709777832031,,2.247756242752075
1114819,5738917,information_random_1,10,decoder_cross_attn,3,per_head,1.5,subtract,-11.394709587097168,-11.620866775512695,-10.714629173278809,-10.730154991149902,0.01552581787109375,,2.247756242752075
1114819,5738917,information_random_1,8,decoder_cross_attn,7,per_head,0.5,subtract,-11.394709587097168,-11.620866775512695,-10.714629173278809,-10.734489440917969,0.019860267639160156,,2.599320650100708
1114819,5738917,information_random_1,8,decoder_cross_attn,7,per_head,1.0,subtract,-11.394709587097168,-11.620866775512695,-10.714629173278809,-10.754321098327637,0.039691925048828125,,2.599320650100708
1114819,5738917,information_random_1,8,decoder_cross_attn,7,per_head,1.5,subtract,-11.394709587097168,-11.620866775512695,-10.714629173278809,-10.774038314819336,0.059409141540527344,,2.599320650100708
1114819,5738917,information_random_1,9,decoder_cross_attn,7,per_head,0.5,subtract,-11.394709587097168,-11.620866775512695,-10.714629173278809,-10.720741271972656,0.006112098693847656,,3.426360607147217
1114819,5738917,information_random_1,9,decoder_cross_attn,7,per_head,1.0,subtract,-11.394709587097168,-11.620866775512695,-10.714629173278809,-10.726824760437012,0.012195587158203125,,3.426360607147217
1114819,5738917,information_random_1,9,decoder_cross_attn,7,per_head,1.5,subtract,-11.394709587097168,-11.620866775512695,-10.714629173278809,-10.732850074768066,0.018220901489257812,,3.426360607147217
1114819,5738917,information_random_1,11,decoder_cross_attn,1,per_head,0.5,subtract,-11.394709587097168,-11.620866775512695,-10.714629173278809,-10.717178344726562,0.0025491714477539062,,2.567375898361206
1114819,5738917,information_random_1,11,decoder_cross_attn,1,per_head,1.0,subtract,-11.394709587097168,-11.620866775512695,-10.714629173278809,-10.719683647155762,0.005054473876953125,,2.567375898361206
1114819,5738917,information_random_1,11,decoder_cross_attn,1,per_head,1.5,subtract,-11.394709587097168,-11.620866775512695,-10.714629173278809,-10.722160339355469,0.007531166076660156,,2.567375898361206
1114819,5738917,information_random_1,8,decoder_cross_attn,0,per_head,0.5,subtract,-11.394709587097168,-11.620866775512695,-10.714629173278809,-10.718985557556152,0.00435638427734375,,2.3537819385528564
1114819,5738917,information_random_1,8,decoder_cross_attn,0,per_head,1.0,subtract,-11.394709587097168,-11.620866775512695,-10.714629173278809,-10.723260879516602,0.008631706237792969,,2.3537819385528564
1114819,5738917,information_random_1,8,decoder_cross_attn,0,per_head,1.5,subtract,-11.394709587097168,-11.620866775512695,-10.714629173278809,-10.72752571105957,0.012896537780761719,,2.3537819385528564
1114819,5738917,information_random_1,7,decoder_cross_attn,3,per_head,0.5,subtract,-11.394709587097168,-11.620866775512695,-10.714629173278809,-10.730033874511719,0.015404701232910156,,2.7912943363189697
1114819,5738917,information_random_1,7,decoder_cross_attn,3,per_head,1.0,subtract,-11.394709587097168,-11.620866775512695,-10.714629173278809,-10.745367050170898,0.030737876892089844,,2.7912943363189697
1114819,5738917,information_random_1,7,decoder_cross_attn,3,per_head,1.5,subtract,-11.394709587097168,-11.620866775512695,-10.714629173278809,-10.760623931884766,0.04599475860595703,,2.7912943363189697
1114819,5738917,information_random_1,10,decoder_cross_attn,6,per_head,0.5,subtract,-11.394709587097168,-11.620866775512695,-10.714629173278809,-10.718210220336914,0.0035810470581054688,,1.9554365873336792
1114819,5738917,information_random_1,10,decoder_cross_attn,6,per_head,1.0,subtract,-11.394709587097168,-11.620866775512695,-10.714629173278809,-10.721750259399414,0.007121086120605469,,1.9554365873336792
1114819,5738917,information_random_1,10,decoder_cross_attn,6,per_head,1.5,subtract,-11.394709587097168,-11.620866775512695,-10.714629173278809,-10.7252779006958,0.010648727416992188,,1.9554365873336792
1114819,5738917,information_random_1,7,decoder_cross_attn,5,per_head,0.5,subtract,-11.394709587097168,-11.620866775512695,-10.714629173278809,-10.7145357131958,-9.34600830078125e-05,,2.274880886077881
1114819,5738917,information_random_1,7,decoder_cross_attn,5,per_head,1.0,subtract,-11.394709587097168,-11.620866775512695,-10.714629173278809,-10.71453857421875,-9.059906005859375e-05,,2.274880886077881
1114819,5738917,information_random_1,7,decoder_cross_attn,5,per_head,1.5,subtract,-11.394709587097168,-11.620866775512695,-10.714629173278809,-10.714805603027344,0.00017642974853515625,,2.274880886077881
1114819,5738917,information_random_1,4,decoder_cross_attn,2,per_head,0.5,subtract,-11.394709587097168,-11.620866775512695,-10.714629173278809,-10.717240333557129,0.0026111602783203125,,1.0704455375671387
1114819,5738917,information_random_1,4,decoder_cross_attn,2,per_head,1.0,subtract,-11.394709587097168,-11.620866775512695,-10.714629173278809,-10.719889640808105,0.005260467529296875,,1.0704455375671387
1114819,5738917,information_random_1,4,decoder_cross_attn,2,per_head,1.5,subtract,-11.394709587097168,-11.620866775512695,-10.714629173278809,-10.72254467010498,0.007915496826171875,,1.0704455375671387
1114819,5738917,information_random_1,7,decoder_cross_attn,6,per_head,0.5,subtract,-11.394709587097168,-11.620866775512695,-10.714629173278809,-10.718241691589355,0.003612518310546875,,1.165013313293457
1114819,5738917,information_random_1,7,decoder_cross_attn,6,per_head,1.0,subtract,-11.394709587097168,-11.620866775512695,-10.714629173278809,-10.721885681152344,0.007256507873535156,,1.165013313293457
1114819,5738917,information_random_1,7,decoder_cross_attn,6,per_head,1.5,subtract,-11.394709587097168,-11.620866775512695,-10.714629173278809,-10.725534439086914,0.010905265808105469,,1.165013313293457
1114819,5738917,information_random_1,11,decoder_cross_attn,2,per_head,0.5,subtract,-11.394709587097168,-11.620866775512695,-10.714629173278809,-10.721893310546875,0.007264137268066406,,2.1183841228485107
1114819,5738917,information_random_1,11,decoder_cross_attn,2,per_head,1.0,subtract,-11.394709587097168,-11.620866775512695,-10.714629173278809,-10.729150772094727,0.014521598815917969,,2.1183841228485107
1114819,5738917,information_random_1,11,decoder_cross_attn,2,per_head,1.5,subtract,-11.394709587097168,-11.620866775512695,-10.714629173278809,-10.736437797546387,0.021808624267578125,,2.1183841228485107
1114819,5738917,information_random_1,5,decoder_cross_attn,7,per_head,0.5,subtract,-11.394709587097168,-11.620866775512695,-10.714629173278809,-10.720483779907227,0.005854606628417969,,1.3838692903518677
1114819,5738917,information_random_1,5,decoder_cross_attn,7,per_head,1.0,subtract,-11.394709587097168,-11.620866775512695,-10.714629173278809,-10.726360321044922,0.011731147766113281,,1.3838692903518677
1114819,5738917,information_random_1,5,decoder_cross_attn,7,per_head,1.5,subtract,-11.394709587097168,-11.620866775512695,-10.714629173278809,-10.732207298278809,0.017578125,,1.3838692903518677
1114819,5738917,information_random_1,6,decoder_cross_attn,9,per_head,0.5,subtract,-11.394709587097168,-11.620866775512695,-10.714629173278809,-10.720848083496094,0.006218910217285156,,1.6831058263778687
1114819,5738917,information_random_1,6,decoder_cross_attn,9,per_head,1.0,subtract,-11.394709587097168,-11.620866775512695,-10.714629173278809,-10.727033615112305,0.012404441833496094,,1.6831058263778687
1114819,5738917,information_random_1,6,decoder_cross_attn,9,per_head,1.5,subtract,-11.394709587097168,-11.620866775512695,-10.714629173278809,-10.73327922821045,0.018650054931640625,,1.6831058263778687
1114819,5738917,information_random_1,0,decoder_cross_attn,5,per_head,0.5,subtract,-11.394709587097168,-11.620866775512695,-10.714629173278809,-10.718182563781738,0.0035533905029296875,,0.8403618335723877
1114819,5738917,information_random_1,0,decoder_cross_attn,5,per_head,1.0,subtract,-11.394709587097168,-11.620866775512695,-10.714629173278809,-10.721719741821289,0.007090568542480469,,0.8403618335723877
1114819,5738917,information_random_1,0,decoder_cross_attn,5,per_head,1.5,subtract,-11.394709587097168,-11.620866775512695,-10.714629173278809,-10.725198745727539,0.010569572448730469,,0.8403618335723877
1114819,5738917,information_random_1,6,decoder_cross_attn,7,per_head,0.5,subtract,-11.394709587097168,-11.620866775512695,-10.714629173278809,-10.726200103759766,0.011570930480957031,,2.008059024810791
1114819,5738917,information_random_1,6,decoder_cross_attn,7,per_head,1.0,subtract,-11.394709587097168,-11.620866775512695,-10.714629173278809,-10.737711906433105,0.023082733154296875,,2.008059024810791
1114819,5738917,information_random_1,6,decoder_cross_attn,7,per_head,1.5,subtract,-11.394709587097168,-11.620866775512695,-10.714629173278809,-10.749238014221191,0.03460884094238281,,2.008059024810791
1114819,5738917,information_random_1,11,decoder_cross_attn,3,per_head,0.5,add,-11.394709587097168,-11.620866775512695,-10.714629173278809,-11.372116088867188,,0.02259349822998047,4.913106441497803
1114819,5738917,information_random_1,11,decoder_cross_attn,3,per_head,1.0,add,-11.394709587097168,-11.620866775512695,-10.714629173278809,-11.349431991577148,,0.04527759552001953,4.913106441497803
1114819,5738917,information_random_1,11,decoder_cross_attn,3,per_head,1.5,add,-11.394709587097168,-11.620866775512695,-10.714629173278809,-11.326656341552734,,0.0680532455444336,4.913106441497803
1114819,5738917,information_random_1,11,decoder_cross_attn,6,per_head,0.5,add,-11.394709587097168,-11.620866775512695,-10.714629173278809,-11.382843971252441,,0.011865615844726562,3.656248092651367
1114819,5738917,information_random_1,11,decoder_cross_attn,6,per_head,1.0,add,-11.394709587097168,-11.620866775512695,-10.714629173278809,-11.370849609375,,0.02385997772216797,3.656248092651367
1114819,5738917,information_random_1,11,decoder_cross_attn,6,per_head,1.5,add,-11.394709587097168,-11.620866775512695,-10.714629173278809,-11.3587646484375,,0.03594493865966797,3.656248092651367
1114819,5738917,information_random_1,11,decoder_cross_attn,11,per_head,0.5,add,-11.394709587097168,-11.620866775512695,-10.714629173278809,-11.375813484191895,,0.018896102905273438,3.6226985454559326
1114819,5738917,information_random_1,11,decoder_cross_attn,11,per_head,1.0,add,-11.394709587097168,-11.620866775512695,-10.714629173278809,-11.35682487487793,,0.03788471221923828,3.6226985454559326
1114819,5738917,information_random_1,11,decoder_cross_attn,11,per_head,1.5,add,-11.394709587097168,-11.620866775512695,-10.714629173278809,-11.337753295898438,,0.05695629119873047,3.6226985454559326
1114819,5738917,information_random_1,11,decoder_cross_attn,0,per_head,0.5,add,-11.394709587097168,-11.620866775512695,-10.714629173278809,-11.387965202331543,,0.006744384765625,2.1161696910858154
1114819,5738917,information_random_1,11,decoder_cross_attn,0,per_head,1.0,add,-11.394709587097168,-11.620866775512695,-10.714629173278809,-11.381196022033691,,0.013513565063476562,2.1161696910858154
1114819,5738917,information_random_1,11,decoder_cross_attn,0,per_head,1.5,add,-11.394709587097168,-11.620866775512695,-10.714629173278809,-11.374409675598145,,0.020299911499023438,2.1161696910858154
1114819,5738917,information_random_1,11,decoder_self_attn,3,per_head,0.5,add,-11.394709587097168,-11.620866775512695,-10.714629173278809,-11.393653869628906,,0.0010557174682617188,2.173255205154419
1114819,5738917,information_random_1,11,decoder_self_attn,3,per_head,1.0,add,-11.394709587097168,-11.620866775512695,-10.714629173278809,-11.392559051513672,,0.0021505355834960938,2.173255205154419
1114819,5738917,information_random_1,11,decoder_self_attn,3,per_head,1.5,add,-11.394709587097168,-11.620866775512695,-10.714629173278809,-11.391412734985352,,0.0032968521118164062,2.173255205154419
1114819,5738917,information_random_1,9,decoder_cross_attn,2,per_head,0.5,add,-11.394709587097168,-11.620866775512695,-10.714629173278809,-11.371774673461914,,0.022934913635253906,4.228691101074219
1114819,5738917,information_random_1,9,decoder_cross_attn,2,per_head,1.0,add,-11.394709587097168,-11.620866775512695,-10.714629173278809,-11.348281860351562,,0.04642772674560547,4.228691101074219
1114819,5738917,information_random_1,9,decoder_cross_attn,2,per_head,1.5,add,-11.394709587097168,-11.620866775512695,-10.714629173278809,-11.324457168579102,,0.0702524185180664,4.228691101074219
1114819,5738917,information_random_1,10,decoder_cross_attn,0,per_head,0.5,add,-11.394709587097168,-11.620866775512695,-10.714629173278809,-11.404923439025879,,-0.010213851928710938,12.12502384185791
1114819,5738917,information_random_1,10,decoder_cross_attn,0,per_head,1.0,add,-11.394709587097168,-11.620866775512695,-10.714629173278809,-11.41353702545166,,-0.018827438354492188,12.12502384185791
1114819,5738917,information_random_1,10,decoder_cross_attn,0,per_head,1.5,add,-11.394709587097168,-11.620866775512695,-10.714629173278809,-11.419807434082031,,-0.02509784698486328,12.12502384185791
1114819,5738917,information_random_1,10,decoder_cross_attn,3,per_head,0.5,add,-11.394709587097168,-11.620866775512695,-10.714629173278809,-11.389291763305664,,0.005417823791503906,2.247756242752075
1114819,5738917,information_random_1,10,decoder_cross_attn,3,per_head,1.0,add,-11.394709587097168,-11.620866775512695,-10.714629173278809,-11.38383674621582,,0.010872840881347656,2.247756242752075
1114819,5738917,information_random_1,10,decoder_cross_attn,3,per_head,1.5,add,-11.394709587097168,-11.620866775512695,-10.714629173278809,-11.378376960754395,,0.016332626342773438,2.247756242752075
1114819,5738917,information_random_1,8,decoder_cross_attn,7,per_head,0.5,add,-11.394709587097168,-11.620866775512695,-10.714629173278809,-11.3758544921875,,0.01885509490966797,2.599320650100708
1114819,5738917,information_random_1,8,decoder_cross_attn,7,per_head,1.0,add,-11.394709587097168,-11.620866775512695,-10.714629173278809,-11.35686206817627,,0.03784751892089844,2.599320650100708
1114819,5738917,information_random_1,8,decoder_cross_attn,7,per_head,1.5,add,-11.394709587097168,-11.620866775512695,-10.714629173278809,-11.337684631347656,,0.05702495574951172,2.599320650100708
1114819,5738917,information_random_1,9,decoder_cross_attn,7,per_head,0.5,add,-11.394709587097168,-11.620866775512695,-10.714629173278809,-11.389162063598633,,0.005547523498535156,3.426360607147217
1114819,5738917,information_random_1,9,decoder_cross_attn,7,per_head,1.0,add,-11.394709587097168,-11.620866775512695,-10.714629173278809,-11.383598327636719,,0.011111259460449219,3.426360607147217
1114819,5738917,information_random_1,9,decoder_cross_attn,7,per_head,1.5,add,-11.394709587097168,-11.620866775512695,-10.714629173278809,-11.378008842468262,,0.01670074462890625,3.426360607147217
1114819,5738917,information_random_1,11,decoder_cross_attn,1,per_head,0.5,add,-11.394709587097168,-11.620866775512695,-10.714629173278809,-11.392364501953125,,0.0023450851440429688,2.567375898361206
1114819,5738917,information_random_1,11,decoder_cross_attn,1,per_head,1.0,add,-11.394709587097168,-11.620866775512695,-10.714629173278809,-11.389991760253906,,0.004717826843261719,2.567375898361206
1114819,5738917,information_random_1,11,decoder_cross_attn,1,per_head,1.5,add,-11.394709587097168,-11.620866775512695,-10.714629173278809,-11.387594223022461,,0.007115364074707031,2.567375898361206
1114819,5738917,information_random_1,8,decoder_cross_attn,0,per_head,0.5,add,-11.394709587097168,-11.620866775512695,-10.714629173278809,-11.390661239624023,,0.004048347473144531,2.3537819385528564
1114819,5738917,information_random_1,8,decoder_cross_attn,0,per_head,1.0,add,-11.394709587097168,-11.620866775512695,-10.714629173278809,-11.386526107788086,,0.008183479309082031,2.3537819385528564
1114819,5738917,information_random_1,8,decoder_cross_attn,0,per_head,1.5,add,-11.394709587097168,-11.620866775512695,-10.714629173278809,-11.38229751586914,,0.012412071228027344,2.3537819385528564
1114819,5738917,information_random_1,7,decoder_cross_attn,3,per_head,0.5,add,-11.394709587097168,-11.620866775512695,-10.714629173278809,-11.380181312561035,,0.014528274536132812,2.7912943363189697
1114819,5738917,information_random_1,7,decoder_cross_attn,3,per_head,1.0,add,-11.394709587097168,-11.620866775512695,-10.714629173278809,-11.36560344696045,,0.02910614013671875,2.7912943363189697
1114819,5738917,information_random_1,7,decoder_cross_attn,3,per_head,1.5,add,-11.394709587097168,-11.620866775512695,-10.714629173278809,-11.350807189941406,,0.04390239715576172,2.7912943363189697
1114819,5738917,information_random_1,10,decoder_cross_attn,6,per_head,0.5,add,-11.394709587097168,-11.620866775512695,-10.714629173278809,-11.390942573547363,,0.0037670135498046875,1.9554365873336792
1114819,5738917,information_random_1,10,decoder_cross_attn,6,per_head,1.0,add,-11.394709587097168,-11.620866775512695,-10.714629173278809,-11.387134552001953,,0.007575035095214844,1.9554365873336792
1114819,5738917,information_random_1,10,decoder_cross_attn,6,per_head,1.5,add,-11.394709587097168,-11.620866775512695,-10.714629173278809,-11.383316993713379,,0.011392593383789062,1.9554365873336792
1114819,5738917,information_random_1,7,decoder_cross_attn,5,per_head,0.5,add,-11.394709587097168,-11.620866775512695,-10.714629173278809,-11.393843650817871,,0.000865936279296875,2.274880886077881
1114819,5738917,information_random_1,7,decoder_cross_attn,5,per_head,1.0,add,-11.394709587097168,-11.620866775512695,-10.714629173278809,-11.392891883850098,,0.0018177032470703125,2.274880886077881
1114819,5738917,information_random_1,7,decoder_cross_attn,5,per_head,1.5,add,-11.394709587097168,-11.620866775512695,-10.714629173278809,-11.391968727111816,,0.0027408599853515625,2.274880886077881
1114819,5738917,information_random_1,4,decoder_cross_attn,2,per_head,0.5,add,-11.394709587097168,-11.620866775512695,-10.714629173278809,-11.392251968383789,,0.0024576187133789062,1.0704455375671387
1114819,5738917,information_random_1,4,decoder_cross_attn,2,per_head,1.0,add,-11.394709587097168,-11.620866775512695,-10.714629173278809,-11.389780044555664,,0.004929542541503906,1.0704455375671387
1114819,5738917,information_random_1,4,decoder_cross_attn,2,per_head,1.5,add,-11.394709587097168,-11.620866775512695,-10.714629173278809,-11.387301445007324,,0.00740814208984375,1.0704455375671387
1114819,5738917,information_random_1,7,decoder_cross_attn,6,per_head,0.5,add,-11.394709587097168,-11.620866775512695,-10.714629173278809,-11.391158103942871,,0.003551483154296875,1.165013313293457
1114819,5738917,information_random_1,7,decoder_cross_attn,6,per_head,1.0,add,-11.394709587097168,-11.620866775512695,-10.714629173278809,-11.387596130371094,,0.007113456726074219,1.165013313293457
1114819,5738917,information_random_1,7,decoder_cross_attn,6,per_head,1.5,add,-11.394709587097168,-11.620866775512695,-10.714629173278809,-11.384029388427734,,0.010680198669433594,1.165013313293457
1114819,5738917,information_random_1,11,decoder_cross_attn,2,per_head,0.5,add,-11.394709587097168,-11.620866775512695,-10.714629173278809,-11.387557029724121,,0.007152557373046875,2.1183841228485107
1114819,5738917,information_random_1,11,decoder_cross_attn,2,per_head,1.0,add,-11.394709587097168,-11.620866775512695,-10.714629173278809,-11.380380630493164,,0.014328956604003906,2.1183841228485107
1114819,5738917,information_random_1,11,decoder_cross_attn,2,per_head,1.5,add,-11.394709587097168,-11.620866775512695,-10.714629173278809,-11.373197555541992,,0.02151203155517578,2.1183841228485107
1114819,5738917,information_random_1,5,decoder_cross_attn,7,per_head,0.5,add,-11.394709587097168,-11.620866775512695,-10.714629173278809,-11.388762474060059,,0.005947113037109375,1.3838692903518677
1114819,5738917,information_random_1,5,decoder_cross_attn,7,per_head,1.0,add,-11.394709587097168,-11.620866775512695,-10.714629173278809,-11.38278579711914,,0.011923789978027344,1.3838692903518677
1114819,5738917,information_random_1,5,decoder_cross_attn,7,per_head,1.5,add,-11.394709587097168,-11.620866775512695,-10.714629173278809,-11.376805305480957,,0.017904281616210938,1.3838692903518677
1114819,5738917,information_random_1,6,decoder_cross_attn,9,per_head,0.5,add,-11.394709587097168,-11.620866775512695,-10.714629173278809,-11.388469696044922,,0.006239891052246094,1.6831058263778687
1114819,5738917,information_random_1,6,decoder_cross_attn,9,per_head,1.0,add,-11.394709587097168,-11.620866775512695,-10.714629173278809,-11.382179260253906,,0.012530326843261719,1.6831058263778687
1114819,5738917,information_random_1,6,decoder_cross_attn,9,per_head,1.5,add,-11.394709587097168,-11.620866775512695,-10.714629173278809,-11.3758544921875,,0.01885509490966797,1.6831058263778687
1114819,5738917,information_random_1,0,decoder_cross_attn,5,per_head,0.5,add,-11.394709587097168,-11.620866775512695,-10.714629173278809,-11.391412734985352,,0.0032968521118164062,0.8403618335723877
1114819,5738917,information_random_1,0,decoder_cross_attn,5,per_head,1.0,add,-11.394709587097168,-11.620866775512695,-10.714629173278809,-11.387943267822266,,0.006766319274902344,0.8403618335723877
1114819,5738917,information_random_1,0,decoder_cross_attn,5,per_head,1.5,add,-11.394709587097168,-11.620866775512695,-10.714629173278809,-11.384389877319336,,0.010319709777832031,0.8403618335723877
1114819,5738917,information_random_1,6,decoder_cross_attn,7,per_head,0.5,add,-11.394709587097168,-11.620866775512695,-10.714629173278809,-11.382956504821777,,0.011753082275390625,2.008059024810791
1114819,5738917,information_random_1,6,decoder_cross_attn,7,per_head,1.0,add,-11.394709587097168,-11.620866775512695,-10.714629173278809,-11.37118148803711,,0.023528099060058594,2.008059024810791
1114819,5738917,information_random_1,6,decoder_cross_attn,7,per_head,1.5,add,-11.394709587097168,-11.620866775512695,-10.714629173278809,-11.359375,,0.03533458709716797,2.008059024810791
148538,5305307,information_random_1,11,decoder_cross_attn,3,per_head,0.5,subtract,-7.294881820678711,-7.091224670410156,-6.250459671020508,-6.275306701660156,0.024847030639648438,,4.913106441497803
148538,5305307,information_random_1,11,decoder_cross_attn,3,per_head,1.0,subtract,-7.294881820678711,-7.091224670410156,-6.250459671020508,-6.300107955932617,0.049648284912109375,,4.913106441497803
148538,5305307,information_random_1,11,decoder_cross_attn,3,per_head,1.5,subtract,-7.294881820678711,-7.091224670410156,-6.250459671020508,-6.324867248535156,0.07440757751464844,,4.913106441497803
148538,5305307,information_random_1,11,decoder_cross_attn,6,per_head,0.5,subtract,-7.294881820678711,-7.091224670410156,-6.250459671020508,-6.264883041381836,0.014423370361328125,,3.656248092651367
148538,5305307,information_random_1,11,decoder_cross_attn,6,per_head,1.0,subtract,-7.294881820678711,-7.091224670410156,-6.250459671020508,-6.279272079467773,0.028812408447265625,,3.656248092651367
148538,5305307,information_random_1,11,decoder_cross_attn,6,per_head,1.5,subtract,-7.294881820678711,-7.091224670410156,-6.250459671020508,-6.29362678527832,0.0431671142578125,,3.656248092651367
148538,5305307,information_random_1,11,decoder_cross_attn,11,per_head,0.5,subtract,-7.294881820678711,-7.091224670410156,-6.250459671020508,-6.2723236083984375,0.021863937377929688,,3.6226985454559326
148538,5305307,information_random_1,11,decoder_cross_attn,11,per_head,1.0,subtract,-7.294881820678711,-7.091224670410156,-6.250459671020508,-6.294166564941406,0.04370689392089844,,3.6226985454559326
148538,5305307,information_random_1,11,decoder_cross_attn,11,per_head,1.5,subtract,-7.294881820678711,-7.091224670410156,-6.250459671020508,-6.31597900390625,0.06551933288574219,,3.6226985454559326
148538,5305307,information_random_1,11,decoder_cross_attn,0,per_head,0.5,subtract,-7.294881820678711,-7.091224670410156,-6.250459671020508,-6.259601593017578,0.009141921997070312,,2.1161696910858154
148538,5305307,information_random_1,11,decoder_cross_attn,0,per_head,1.0,subtract,-7.294881820678711,-7.091224670410156,-6.250459671020508,-6.268730163574219,0.018270492553710938,,2.1161696910858154
148538,5305307,information_random_1,11,decoder_cross_attn,0,per_head,1.5,subtract,-7.294881820678711,-7.091224670410156,-6.250459671020508,-6.2778472900390625,0.027387619018554688,,2.1161696910858154
148538,5305307,information_random_1,11,decoder_self_attn,3,per_head,0.5,subtract,-7.294881820678711,-7.091224670410156,-6.250459671020508,-6.252092361450195,0.0016326904296875,,2.173255205154419
148538,5305307,information_random_1,11,decoder_self_attn,3,per_head,1.0,subtract,-7.294881820678711,-7.091224670410156,-6.250459671020508,-6.253715515136719,0.0032558441162109375,,2.173255205154419
148538,5305307,information_random_1,11,decoder_self_attn,3,per_head,1.5,subtract,-7.294881820678711,-7.091224670410156,-6.250459671020508,-6.255332946777344,0.0048732757568359375,,2.173255205154419
148538,5305307,information_random_1,9,decoder_cross_attn,2,per_head,0.5,subtract,-7.294881820678711,-7.091224670410156,-6.250459671020508,-6.280035018920898,0.029575347900390625,,4.228691101074219
148538,5305307,information_random_1,9,decoder_cross_attn,2,per_head,1.0,subtract,-7.294881820678711,-7.091224670410156,-6.250459671020508,-6.309604644775391,0.05914497375488281,,4.228691101074219
148538,5305307,information_random_1,9,decoder_cross_attn,2,per_head,1.5,subtract,-7.294881820678711,-7.091224670410156,-6.250459671020508,-6.339113235473633,0.088653564453125,,4.228691101074219
148538,5305307,information_random_1,10,decoder_cross_attn,0,per_head,0.5,subtract,-7.294881820678711,-7.091224670410156,-6.250459671020508,-6.25335693359375,0.0028972625732421875,,12.12502384185791
148538,5305307,information_random_1,10,decoder_cross_attn,0,per_head,1.0,subtract,-7.294881820678711,-7.091224670410156,-6.250459671020508,-6.256750106811523,0.006290435791015625,,12.12502384185791
148538,5305307,information_random_1,10,decoder_cross_attn,0,per_head,1.5,subtract,-7.294881820678711,-7.091224670410156,-6.250459671020508,-6.25840950012207,0.0079498291015625,,12.12502384185791
148538,5305307,information_random_1,10,decoder_cross_attn,3,per_head,0.5,subtract,-7.294881820678711,-7.091224670410156,-6.250459671020508,-6.2568206787109375,0.0063610076904296875,,2.247756242752075
148538,5305307,information_random_1,10,decoder_cross_attn,3,per_head,1.0,subtract,-7.294881820678711,-7.091224670410156,-6.250459671020508,-6.263174057006836,0.012714385986328125,,2.247756242752075
148538,5305307,information_random_1,10,decoder_cross_attn,3,per_head,1.5,subtract,-7.294881820678711,-7.091224670410156,-6.250459671020508,-6.26953125,0.019071578979492188,,2.247756242752075
148538,5305307,information_random_1,8,decoder_cross_attn,7,per_head,0.5,subtract,-7.294881820678711,-7.091224670410156,-6.250459671020508,-6.277732849121094,0.027273178100585938,,2.599320650100708
148538,5305307,information_random_1,8,decoder_cross_attn,7,per_head,1.0,subtract,-7.294881820678711,-7.091224670410156,-6.250459671020508,-6.304876327514648,0.054416656494140625,,2.599320650100708
148538,5305307,information_random_1,8,decoder_cross_attn,7,per_head,1.5,subtract,-7.294881820678711,-7.091224670410156,-6.250459671020508,-6.331693649291992,0.08123397827148438,,2.599320650100708
148538,5305307,information_random_1,9,decoder_cross_attn,7,per_head,0.5,subtract,-7.294881820678711,-7.091224670410156,-6.250459671020508,-6.261800765991211,0.011341094970703125,,3.426360607147217
148538,5305307,information_random_1,9,decoder_cross_attn,7,per_head,1.0,subtract,-7.294881820678711,-7.091224670410156,-6.250459671020508,-6.27314567565918,0.022686004638671875,,3.426360607147217
148538,5305307,information_random_1,9,decoder_cross_attn,7,per_head,1.5,subtract,-7.294881820678711,-7.091224670410156,-6.250459671020508,-6.284477233886719,0.03401756286621094,,3.426360607147217
148538,5305307,information_random_1,11,decoder_cross_attn,1,per_head,0.5,subtract,-7.294881820678711,-7.091224670410156,-6.250459671020508,-6.25532341003418,0.004863739013671875,,2.567375898361206
148538,5305307,information_random_1,11,decoder_cross_attn,1,per_head,1.0,subtract,-7.294881820678711,-7.091224670410156,-6.250459671020508,-6.260171890258789,0.00971221923828125,,2.567375898361206
148538,5305307,information_random_1,11,decoder_cross_attn,1,per_head,1.5,subtract,-7.294881820678711,-7.091224670410156,-6.250459671020508,-6.26500129699707,0.0145416259765625,,2.567375898361206
148538,5305307,information_random_1,8,decoder_cross_attn,0,per_head,0.5,subtract,-7.294881820678711,-7.091224670410156,-6.250459671020508,-6.25640869140625,0.0059490203857421875,,2.3537819385528564
148538,5305307,information_random_1,8,decoder_cross_attn,0,per_head,1.0,subtract,-7.294881820678711,-7.091224670410156,-6.250459671020508,-6.262348175048828,0.011888504028320312,,2.3537819385528564
148538,5305307,information_random_1,8,decoder_cross_attn,0,per_head,1.5,subtract,-7.294881820678711,-7.091224670410156,-6.250459671020508,-6.268289566040039,0.01782989501953125,,2.3537819385528564
148538,5305307,information_random_1,7,decoder_cross_attn,3,per_head,0.5,subtract,-7.294881820678711,-7.091224670410156,-6.250459671020508,-6.265460968017578,0.015001296997070312,,2.7912943363189697
148538,5305307,information_random_1,7,decoder_cross_attn,3,per_head,1.0,subtract,-7.294881820678711,-7.091224670410156,-6.250459671020508,-6.280494689941406,0.030035018920898438,,2.7912943363189697
148538,5305307,information_random_1,7,decoder_cross_attn,3,per_head,1.5,subtract,-7.294881820678711,-7.091224670410156,-6.250459671020508,-6.295616149902344,0.04515647888183594,,2.7912943363189697
148538,5305307,information_random_1,10,decoder_cross_attn,6,per_head,0.5,subtract,-7.294881820678711,-7.091224670410156,-6.250459671020508,-6.256074905395508,0.005615234375,,1.9554365873336792
148538,5305307,information_random_1,10,decoder_cross_attn,6,per_head,1.0,subtract,-7.294881820678711,-7.091224670410156,-6.250459671020508,-6.261682510375977,0.01122283935546875,,1.9554365873336792
148538,5305307,information_random_1,10,decoder_cross_attn,6,per_head,1.5,subtract,-7.294881820678711,-7.091224670410156,-6.250459671020508,-6.267280578613281,0.016820907592773438,,1.9554365873336792
148538,5305307,information_random_1,7,decoder_cross_attn,5,per_head,0.5,subtract,-7.294881820678711,-7.091224670410156,-6.250459671020508,-6.2574920654296875,0.0070323944091796875,,2.274880886077881
148538,5305307,information_random_1,7,decoder_cross_attn,5,per_head,1.0,subtract,-7.294881820678711,-7.091224670410156,-6.250459671020508,-6.264598846435547,0.014139175415039062,,2.274880886077881
148538,5305307,information_random_1,7,decoder_cross_attn,5,per_head,1.5,subtract,-7.294881820678711,-7.091224670410156,-6.250459671020508,-6.271614074707031,0.021154403686523438,,2.274880886077881
148538,5305307,information_random_1,4,decoder_cross_attn,2,per_head,0.5,subtract,-7.294881820678711,-7.091224670410156,-6.250459671020508,-6.254037857055664,0.00357818603515625,,1.0704455375671387
148538,5305307,information_random_1,4,decoder_cross_attn,2,per_head,1.0,subtract,-7.294881820678711,-7.091224670410156,-6.250459671020508,-6.257621765136719,0.0071620941162109375,,1.0704455375671387
148538,5305307,information_random_1,4,decoder_cross_attn,2,per_head,1.5,subtract,-7.294881820678711,-7.091224670410156,-6.250459671020508,-6.261207580566406,0.010747909545898438,,1.0704455375671387
148538,5305307,information_random_1,7,decoder_cross_attn,6,per_head,0.5,subtract,-7.294881820678711,-7.091224670410156,-6.250459671020508,-6.255163192749023,0.004703521728515625,,1.165013313293457
148538,5305307,information_random_1,7,decoder_cross_attn,6,per_head,1.0,subtract,-7.294881820678711,-7.091224670410156,-6.250459671020508,-6.259880065917969,0.009420394897460938,,1.165013313293457
148538,5305307,information_random_1,7,decoder_cross_attn,6,per_head,1.5,subtract,-7.294881820678711,-7.091224670410156,-6.250459671020508,-6.26457405090332,0.0141143798828125,,1.165013313293457
148538,5305307,information_random_1,11,decoder_cross_attn,2,per_head,0.5,subtract,-7.294881820678711,-7.091224670410156,-6.250459671020508,-6.258832931518555,0.008373260498046875,,2.1183841228485107
148538,5305307,information_random_1,11,decoder_cross_attn,2,per_head,1.0,subtract,-7.294881820678711,-7.091224670410156,-6.250459671020508,-6.26719856262207,0.0167388916015625,,2.1183841228485107
148538,5305307,information_random_1,11,decoder_cross_attn,2,per_head,1.5,subtract,-7.294881820678711,-7.091224670410156,-6.250459671020508,-6.275550842285156,0.025091171264648438,,2.1183841228485107
148538,5305307,information_random_1,5,decoder_cross_attn,7,per_head,0.5,subtract,-7.294881820678711,-7.091224670410156,-6.250459671020508,-6.256662368774414,0.00620269775390625,,1.3838692903518677
148538,5305307,information_random_1,5,decoder_cross_attn,7,per_head,1.0,subtract,-7.294881820678711,-7.091224670410156,-6.250459671020508,-6.262851715087891,0.012392044067382812,,1.3838692903518677
148538,5305307,information_random_1,5,decoder_cross_attn,7,per_head,1.5,subtract,-7.294881820678711,-7.091224670410156,-6.250459671020508,-6.26902961730957,0.0185699462890625,,1.3838692903518677
148538,5305307,information_random_1,6,decoder_cross_attn,9,per_head,0.5,subtract,-7.294881820678711,-7.091224670410156,-6.250459671020508,-6.257625579833984,0.0071659088134765625,,1.6831058263778687
148538,5305307,information_random_1,6,decoder_cross_attn,9,per_head,1.0,subtract,-7.294881820678711,-7.091224670410156,-6.250459671020508,-6.264808654785156,0.014348983764648438,,1.6831058263778687
148538,5305307,information_random_1,6,decoder_cross_attn,9,per_head,1.5,subtract,-7.294881820678711,-7.091224670410156,-6.250459671020508,-6.271772384643555,0.021312713623046875,,1.6831058263778687
148538,5305307,information_random_1,0,decoder_cross_attn,5,per_head,0.5,subtract,-7.294881820678711,-7.091224670410156,-6.250459671020508,-6.254791259765625,0.0043315887451171875,,0.8403618335723877
148538,5305307,information_random_1,0,decoder_cross_attn,5,per_head,1.0,subtract,-7.294881820678711,-7.091224670410156,-6.250459671020508,-6.259063720703125,0.008604049682617188,,0.8403618335723877
148538,5305307,information_random_1,0,decoder_cross_attn,5,per_head,1.5,subtract,-7.294881820678711,-7.091224670410156,-6.250459671020508,-6.2633514404296875,0.012891769409179688,,0.8403618335723877
148538,5305307,information_random_1,6,decoder_cross_attn,7,per_head,0.5,subtract,-7.294881820678711,-7.091224670410156,-6.250459671020508,-6.261089324951172,0.010629653930664062,,2.008059024810791
148538,5305307,information_random_1,6,decoder_cross_attn,7,per_head,1.0,subtract,-7.294881820678711,-7.091224670410156,-6.250459671020508,-6.271665573120117,0.021205902099609375,,2.008059024810791
148538,5305307,information_random_1,6,decoder_cross_attn,7,per_head,1.5,subtract,-7.294881820678711,-7.091224670410156,-6.250459671020508,-6.282169342041016,0.03170967102050781,,2.008059024810791
148538,5305307,information_random_1,11,decoder_cross_attn,3,per_head,0.5,add,-7.294881820678711,-7.091224670410156,-6.250459671020508,-7.27082633972168,,0.02405548095703125,4.913106441497803
148538,5305307,information_random_1,11,decoder_cross_attn,3,per_head,1.0,add,-7.294881820678711,-7.091224670410156,-6.250459671020508,-7.246726036071777,,0.048155784606933594,4.913106441497803
148538,5305307,information_random_1,11,decoder_cross_attn,3,per_head,1.5,add,-7.294881820678711,-7.091224670410156,-6.250459671020508,-7.222775459289551,,0.07210636138916016,4.913106441497803
148538,5305307,information_random_1,11,decoder_cross_attn,6,per_head,0.5,add,-7.294881820678711,-7.091224670410156,-6.250459671020508,-7.281332969665527,,0.013548851013183594,3.656248092651367
148538,5305307,information_random_1,11,decoder_cross_attn,6,per_head,1.0,add,-7.294881820678711,-7.091224670410156,-6.250459671020508,-7.267753601074219,,0.027128219604492188,3.656248092651367
148538,5305307,information_random_1,11,decoder_cross_attn,6,per_head,1.5,add,-7.294881820678711,-7.091224670410156,-6.250459671020508,-7.254144668579102,,0.040737152099609375,3.656248092651367
148538,5305307,information_random_1,11,decoder_cross_attn,11,per_head,0.5,add,-7.294881820678711,-7.091224670410156,-6.250459671020508,-7.274075508117676,,0.020806312561035156,3.6226985454559326
148538,5305307,information_random_1,11,decoder_cross_attn,11,per_head,1.0,add,-7.294881820678711,-7.091224670410156,-6.250459671020508,-7.253247261047363,,0.041634559631347656,3.6226985454559326
148538,5305307,information_random_1,11,decoder_cross_attn,11,per_head,1.5,add,-7.294881820678711,-7.091224670410156,-6.250459671020508,-7.23239803314209,,0.062483787536621094,3.6226985454559326
148538,5305307,information_random_1,11,decoder_cross_attn,0,per_head,0.5,add,-7.294881820678711,-7.091224670410156,-6.250459671020508,-7.286537170410156,,0.008344650268554688,2.1161696910858154
148538,5305307,information_random_1,11,decoder_cross_attn,0,per_head,1.0,add,-7.294881820678711,-7.091224670410156,-6.250459671020508,-7.278182029724121,,0.016699790954589844,2.1161696910858154
148538,5305307,information_random_1,11,decoder_cross_attn,0,per_head,1.5,add,-7.294881820678711,-7.091224670410156,-6.250459671020508,-7.269810676574707,,0.025071144104003906,2.1161696910858154
148538,5305307,information_random_1,11,decoder_self_attn,3,per_head,0.5,add,-7.294881820678711,-7.091224670410156,-6.250459671020508,-7.293170928955078,,0.0017108917236328125,2.173255205154419
148538,5305307,information_random_1,11,decoder_self_attn,3,per_head,1.0,add,-7.294881820678711,-7.091224670410156,-6.250459671020508,-7.291449546813965,,0.0034322738647460938,2.173255205154419
148538,5305307,information_random_1,11,decoder_self_attn,3,per_head,1.5,add,-7.294881820678711,-7.091224670410156,-6.250459671020508,-7.289716720581055,,0.00516510009765625,2.173255205154419
148538,5305307,information_random_1,9,decoder_cross_attn,2,per_head,0.5,add,-7.294881820678711,-7.091224670410156,-6.250459671020508,-7.266878128051758,,0.028003692626953125,4.228691101074219
148538,5305307,information_random_1,9,decoder_cross_attn,2,per_head,1.0,add,-7.294881820678711,-7.091224670410156,-6.250459671020508,-7.238874435424805,,0.05600738525390625,4.228691101074219
148538,5305307,information_random_1,9,decoder_cross_attn,2,per_head,1.5,add,-7.294881820678711,-7.091224670410156,-6.250459671020508,-7.210826873779297,,0.08405494689941406,4.228691101074219
148538,5305307,information_random_1,10,decoder_cross_attn,0,per_head,0.5,add,-7.294881820678711,-7.091224670410156,-6.250459671020508,-7.28963565826416,,0.005246162414550781,12.12502384185791
148538,5305307,information_random_1,10,decoder_cross_attn,0,per_head,1.0,add,-7.294881820678711,-7.091224670410156,-6.250459671020508,-7.284358978271484,,0.010522842407226562,12.12502384185791
148538,5305307,information_random_1,10,decoder_cross_attn,0,per_head,1.5,add,-7.294881820678711,-7.091224670410156,-6.250459671020508,-7.277736663818359,,0.017145156860351562,12.12502384185791
148538,5305307,information_random_1,10,decoder_cross_attn,3,per_head,0.5,add,-7.294881820678711,-7.091224670410156,-6.250459671020508,-7.288968086242676,,0.005913734436035156,2.247756242752075
148538,5305307,information_random_1,10,decoder_cross_attn,3,per_head,1.0,add,-7.294881820678711,-7.091224670410156,-6.250459671020508,-7.283052444458008,,0.011829376220703125,2.247756242752075
148538,5305307,information_random_1,10,decoder_cross_attn,3,per_head,1.5,add,-7.294881820678711,-7.091224670410156,-6.250459671020508,-7.277130126953125,,0.017751693725585938,2.247756242752075
148538,5305307,information_random_1,8,decoder_cross_attn,7,per_head,0.5,add,-7.294881820678711,-7.091224670410156,-6.250459671020508,-7.268491744995117,,0.02639007568359375,2.599320650100708
148538,5305307,information_random_1,8,decoder_cross_attn,7,per_head,1.0,add,-7.294881820678711,-7.091224670410156,-6.250459671020508,-7.24185848236084,,0.053023338317871094,2.599320650100708
148538,5305307,information_random_1,8,decoder_cross_attn,7,per_head,1.5,add,-7.294881820678711,-7.091224670410156,-6.250459671020508,-7.215185165405273,,0.0796966552734375,2.599320650100708
148538,5305307,information_random_1,9,decoder_cross_attn,7,per_head,0.5,add,-7.294881820678711,-7.091224670410156,-6.250459671020508,-7.284706115722656,,0.010175704956054688,3.426360607147217
148538,5305307,information_random_1,9,decoder_cross_attn,7,per_head,1.0,add,-7.294881820678711,-7.091224670410156,-6.250459671020508,-7.274474143981934,,0.020407676696777344,3.426360607147217
148538,5305307,information_random_1,9,decoder_cross_attn,7,per_head,1.5,add,-7.294881820678711,-7.091224670410156,-6.250459671020508,-7.2642669677734375,,0.030614852905273438,3.426360607147217
148538,5305307,information_random_1,11,decoder_cross_attn,1,per_head,0.5,add,-7.294881820678711,-7.091224670410156,-6.250459671020508,-7.290596008300781,,0.0042858123779296875,2.567375898361206
148538,5305307,information_random_1,11,decoder_cross_attn,1,per_head,1.0,add,-7.294881820678711,-7.091224670410156,-6.250459671020508,-7.2863006591796875,,0.008581161499023438,2.567375898361206
148538,5305307,information_random_1,11,decoder_cross_attn,1,per_head,1.5,add,-7.294881820678711,-7.091224670410156,-6.250459671020508,-7.281984329223633,,0.012897491455078125,2.567375898361206
148538,5305307,information_random_1,8,decoder_cross_attn,0,per_head,0.5,add,-7.294881820678711,-7.091224670410156,-6.250459671020508,-7.289515495300293,,0.005366325378417969,2.3537819385528564
148538,5305307,information_random_1,8,decoder_cross_attn,0,per_head,1.0,add,-7.294881820678711,-7.091224670410156,-6.250459671020508,-7.284076690673828,,0.010805130004882812,2.3537819385528564
148538,5305307,information_random_1,8,decoder_cross_attn,0,per_head,1.5,add,-7.294881820678711,-7.091224670410156,-6.250459671020508,-7.278607368469238,,0.016274452209472656,2.3537819385528564
148538,5305307,information_random_1,7,decoder_cross_attn,3,per_head,0.5,add,-7.294881820678711,-7.091224670410156,-6.250459671020508,-7.278897285461426,,0.015984535217285156,2.7912943363189697
148538,5305307,information_random_1,7,decoder_cross_attn,3,per_head,1.0,add,-7.294881820678711,-7.091224670410156,-6.250459671020508,-7.262936592102051,,0.031945228576660156,2.7912943363189697
148538,5305307,information_random_1,7,decoder_cross_attn,3,per_head,1.5,add,-7.294881820678711,-7.091224670410156,-6.250459671020508,-7.247035980224609,,0.04784584045410156,2.7912943363189697
148538,5305307,information_random_1,10,decoder_cross_attn,6,per_head,0.5,add,-7.294881820678711,-7.091224670410156,-6.250459671020508,-7.289519309997559,,0.005362510681152344,1.9554365873336792
148538,5305307,information_random_1,10,decoder_cross_attn,6,per_head,1.0,add,-7.294881820678711,-7.091224670410156,-6.250459671020508,-7.284160614013672,,0.010721206665039062,1.9554365873336792
148538,5305307,information_random_1,10,decoder_cross_attn,6,per_head,1.5,add,-7.294881820678711,-7.091224670410156,-6.250459671020508,-7.2787981033325195,,0.016083717346191406,1.9554365873336792
148538,5305307,information_random_1,7,decoder_cross_attn,5,per_head,0.5,add,-7.294881820678711,-7.091224670410156,-6.250459671020508,-7.288496017456055,,0.00638580322265625,2.274880886077881
148538,5305307,information_random_1,7,decoder_cross_attn,5,per_head,1.0,add,-7.294881820678711,-7.091224670410156,-6.250459671020508,-7.281929016113281,,0.012952804565429688,2.274880886077881
148538,5305307,information_random_1,7,decoder_cross_attn,5,per_head,1.5,add,-7.294881820678711,-7.091224670410156,-6.250459671020508,-7.275325775146484,,0.019556045532226562,2.274880886077881
148538,5305307,information_random_1,4,decoder_cross_attn,2,per_head,0.5,add,-7.294881820678711,-7.091224670410156,-6.250459671020508,-7.291577339172363,,0.0033044815063476562,1.0704455375671387
148538,5305307,information_random_1,4,decoder_cross_attn,2,per_head,1.0,add,-7.294881820678711,-7.091224670410156,-6.250459671020508,-7.288365364074707,,0.006516456604003906,1.0704455375671387
148538,5305307,information_random_1,4,decoder_cross_attn,2,per_head,1.5,add,-7.294881820678711,-7.091224670410156,-6.250459671020508,-7.285219192504883,,0.009662628173828125,1.0704455375671387
148538,5305307,information_random_1,7,decoder_cross_attn,6,per_head,0.5,add,-7.294881820678711,-7.091224670410156,-6.250459671020508,-7.2904767990112305,,0.004405021667480469,1.165013313293457
148538,5305307,information_random_1,7,decoder_cross_attn,6,per_head,1.0,add,-7.294881820678711,-7.091224670410156,-6.250459671020508,-7.28604793548584,,0.008833885192871094,1.165013313293457
148538,5305307,information_random_1,7,decoder_cross_attn,6,per_head,1.5,add,-7.294881820678711,-7.091224670410156,-6.250459671020508,-7.281628608703613,,0.013253211975097656,1.165013313293457
148538,5305307,information_random_1,11,decoder_cross_attn,2,per_head,0.5,add,-7.294881820678711,-7.091224670410156,-6.250459671020508,-7.286943435668945,,0.007938385009765625,2.1183841228485107
148538,5305307,information_random_1,11,decoder_cross_attn,2,per_head,1.0,add,-7.294881820678711,-7.091224670410156,-6.250459671020508,-7.278998374938965,,0.015883445739746094,2.1183841228485107
148538,5305307,information_random_1,11,decoder_cross_attn,2,per_head,1.5,add,-7.294881820678711,-7.091224670410156,-6.250459671020508,-7.2710418701171875,,0.023839950561523438,2.1183841228485107
148538,5305307,information_random_1,5,decoder_cross_attn,7,per_head,0.5,add,-7.294881820678711,-7.091224670410156,-6.250459671020508,-7.2889204025268555,,0.005961418151855469,1.3838692903518677
148538,5305307,information_random_1,5,decoder_cross_attn,7,per_head,1.0,add,-7.294881820678711,-7.091224670410156,-6.250459671020508,-7.2829437255859375,,0.011938095092773438,1.3838692903518677
148538,5305307,information_random_1,5,decoder_cross_attn,7,per_head,1.5,add,-7.294881820678711,-7.091224670410156,-6.250459671020508,-7.276976585388184,,0.017905235290527344,1.3838692903518677
148538,5305307,information_random_1,6,decoder_cross_attn,9,per_head,0.5,add,-7.294881820678711,-7.091224670410156,-6.250459671020508,-7.288959503173828,,0.0059223175048828125,1.6831058263778687
148538,5305307,information_random_1,6,decoder_cross_attn,9,per_head,1.0,add,-7.294881820678711,-7.091224670410156,-6.250459671020508,-7.282909393310547,,0.011972427368164062,1.6831058263778687
148538,5305307,information_random_1,6,decoder_cross_attn,9,per_head,1.5,add,-7.294881820678711,-7.091224670410156,-6.250459671020508,-7.276824951171875,,0.018056869506835938,1.6831058263778687
148538,5305307,information_random_1,0,decoder_cross_attn,5,per_head,0.5,add,-7.294881820678711,-7.091224670410156,-6.250459671020508,-7.291073799133301,,0.0038080215454101562,0.8403618335723877
148538,5305307,information_random_1,0,decoder_cross_attn,5,per_head,1.0,add,-7.294881820678711,-7.091224670410156,-6.250459671020508,-7.287365913391113,,0.007515907287597656,0.8403618335723877
148538,5305307,information_random_1,0,decoder_cross_attn,5,per_head,1.5,add,-7.294881820678711,-7.091224670410156,-6.250459671020508,-7.2837066650390625,,0.011175155639648438,0.8403618335723877
148538,5305307,information_random_1,6,decoder_cross_attn,7,per_head,0.5,add,-7.294881820678711,-7.091224670410156,-6.250459671020508,-7.283609390258789,,0.011272430419921875,2.008059024810791
148538,5305307,information_random_1,6,decoder_cross_attn,7,per_head,1.0,add,-7.294881820678711,-7.091224670410156,-6.250459671020508,-7.272281646728516,,0.022600173950195312,2.008059024810791
148538,5305307,information_random_1,6,decoder_cross_attn,7,per_head,1.5,add,-7.294881820678711,-7.091224670410156,-6.250459671020508,-7.260964393615723,,0.03391742706298828,2.008059024810791
490595,4763067,information_random_1,11,decoder_cross_attn,3,per_head,0.5,subtract,-7.738875389099121,-7.822093963623047,-7.224882125854492,-7.248215675354004,0.02333354949951172,,4.913106441497803
490595,4763067,information_random_1,11,decoder_cross_attn,3,per_head,1.0,subtract,-7.738875389099121,-7.822093963623047,-7.224882125854492,-7.271511077880859,0.04662895202636719,,4.913106441497803
490595,4763067,information_random_1,11,decoder_cross_attn,3,per_head,1.5,subtract,-7.738875389099121,-7.822093963623047,-7.224882125854492,-7.295064926147461,0.07018280029296875,,4.913106441497803
490595,4763067,information_random_1,11,decoder_cross_attn,6,per_head,0.5,subtract,-7.738875389099121,-7.822093963623047,-7.224882125854492,-7.237567901611328,0.012685775756835938,,3.656248092651367
490595,4763067,information_random_1,11,decoder_cross_attn,6,per_head,1.0,subtract,-7.738875389099121,-7.822093963623047,-7.224882125854492,-7.249971389770508,0.025089263916015625,,3.656248092651367
490595,4763067,information_random_1,11,decoder_cross_attn,6,per_head,1.5,subtract,-7.738875389099121,-7.822093963623047,-7.224882125854492,-7.262255668640137,0.03737354278564453,,3.656248092651367
490595,4763067,information_random_1,11,decoder_cross_attn,11,per_head,0.5,subtract,-7.738875389099121,-7.822093963623047,-7.224882125854492,-7.243311882019043,0.01842975616455078,,3.6226985454559326
490595,4763067,information_random_1,11,decoder_cross_attn,11,per_head,1.0,subtract,-7.738875389099121,-7.822093963623047,-7.224882125854492,-7.261717796325684,0.036835670471191406,,3.6226985454559326
490595,4763067,information_random_1,11,decoder_cross_attn,11,per_head,1.5,subtract,-7.738875389099121,-7.822093963623047,-7.224882125854492,-7.280099868774414,0.055217742919921875,,3.6226985454559326
490595,4763067,information_random_1,11,decoder_cross_attn,0,per_head,0.5,subtract,-7.738875389099121,-7.822093963623047,-7.224882125854492,-7.232978820800781,0.008096694946289062,,2.1161696910858154
490595,4763067,information_random_1,11,decoder_cross_attn,0,per_head,1.0,subtract,-7.738875389099121,-7.822093963623047,-7.224882125854492,-7.241060256958008,0.016178131103515625,,2.1161696910858154
490595,4763067,information_random_1,11,decoder_cross_attn,0,per_head,1.5,subtract,-7.738875389099121,-7.822093963623047,-7.224882125854492,-7.249126434326172,0.024244308471679688,,2.1161696910858154
490595,4763067,information_random_1,11,decoder_self_attn,3,per_head,0.5,subtract,-7.738875389099121,-7.822093963623047,-7.224882125854492,-7.223703384399414,-0.001178741455078125,,2.173255205154419
490595,4763067,information_random_1,11,decoder_self_attn,3,per_head,1.0,subtract,-7.738875389099121,-7.822093963623047,-7.224882125854492,-7.222501754760742,-0.00238037109375,,2.173255205154419
490595,4763067,information_random_1,11,decoder_self_attn,3,per_head,1.5,subtract,-7.738875389099121,-7.822093963623047,-7.224882125854492,-7.221269607543945,-0.003612518310546875,,2.173255205154419
490595,4763067,information_random_1,9,decoder_cross_attn,2,per_head,0.5,subtract,-7.738875389099121,-7.822093963623047,-7.224882125854492,-7.250232696533203,0.025350570678710938,,4.228691101074219
490595,4763067,information_random_1,9,decoder_cross_attn,2,per_head,1.0,subtract,-7.738875389099121,-7.822093963623047,-7.224882125854492,-7.27532958984375,0.05044746398925781,,4.228691101074219
490595,4763067,information_random_1,9,decoder_cross_attn,2,per_head,1.5,subtract,-7.738875389099121,-7.822093963623047,-7.224882125854492,-7.300321578979492,0.075439453125,,4.228691101074219
490595,4763067,information_random_1,10,decoder_cross_attn,0,per_head,0.5,subtract,-7.738875389099121,-7.822093963623047,-7.224882125854492,-7.237226486206055,0.0123443603515625,,12.12502384185791
490595,4763067,information_random_1,10,decoder_cross_attn,0,per_head,1.0,subtract,-7.738875389099121,-7.822093963623047,-7.224882125854492,-7.247397422790527,0.022515296936035156,,12.12502384185791
490595,4763067,information_random_1,10,decoder_cross_attn,0,per_head,1.5,subtract,-7.738875389099121,-7.822093963623047,-7.224882125854492,-7.255483627319336,0.03060150146484375,,12.12502384185791
490595,4763067,information_random_1,10,decoder_cross_attn,3,per_head,0.5,subtract,-7.738875389099121,-7.822093963623047,-7.224882125854492,-7.2290449142456055,0.004162788391113281,,2.247756242752075
490595,4763067,information_random_1,10,decoder_cross_attn,3,per_head,1.0,subtract,-7.738875389099121,-7.822093963623047,-7.224882125854492,-7.233176231384277,0.008294105529785156,,2.247756242752075
490595,4763067,information_random_1,10,decoder_cross_attn,3,per_head,1.5,subtract,-7.738875389099121,-7.822093963623047,-7.224882125854492,-7.236995697021484,0.012113571166992188,,2.247756242752075
490595,4763067,information_random_1,8,decoder_cross_attn,7,per_head,0.5,subtract,-7.738875389099121,-7.822093963623047,-7.224882125854492,-7.245636940002441,0.02075481414794922,,2.599320650100708
490595,4763067,information_random_1,8,decoder_cross_attn,7,per_head,1.0,subtract,-7.738875389099121,-7.822093963623047,-7.224882125854492,-7.266273498535156,0.04139137268066406,,2.599320650100708
490595,4763067,information_random_1,8,decoder_cross_attn,7,per_head,1.5,subtract,-7.738875389099121,-7.822093963623047,-7.224882125854492,-7.286809921264648,0.06192779541015625,,2.599320650100708
490595,4763067,information_random_1,9,decoder_cross_attn,7,per_head,0.5,subtract,-7.738875389099121,-7.822093963623047,-7.224882125854492,-7.23451042175293,0.0096282958984375,,3.426360607147217
490595,4763067,information_random_1,9,decoder_cross_attn,7,per_head,1.0,subtract,-7.738875389099121,-7.822093963623047,-7.224882125854492,-7.244046211242676,0.019164085388183594,,3.426360607147217
490595,4763067,information_random_1,9,decoder_cross_attn,7,per_head,1.5,subtract,-7.738875389099121,-7.822093963623047,-7.224882125854492,-7.253542900085449,0.02866077423095703,,3.426360607147217
490595,4763067,information_random_1,11,decoder_cross_attn,1,per_head,0.5,subtract,-7.738875389099121,-7.822093963623047,-7.224882125854492,-7.229513168334961,0.00463104248046875,,2.567375898361206
490595,4763067,information_random_1,11,decoder_cross_attn,1,per_head,1.0,subtract,-7.738875389099121,-7.822093963623047,-7.224882125854492,-7.234125137329102,0.009243011474609375,,2.567375898361206
490595,4763067,information_random_1,11,decoder_cross_attn,1,per_head,1.5,subtract,-7.738875389099121,-7.822093963623047,-7.224882125854492,-7.238727569580078,0.013845443725585938,,2.567375898361206
490595,4763067,information_random_1,8,decoder_cross_attn,0,per_head,0.5,subtract,-7.738875389099121,-7.822093963623047,-7.224882125854492,-7.230711936950684,0.005829811096191406,,2.3537819385528564
490595,4763067,information_random_1,8,decoder_cross_attn,0,per_head,1.0,subtract,-7.738875389099121,-7.822093963623047,-7.224882125854492,-7.236510276794434,0.011628150939941406,,2.3537819385528564
490595,4763067,information_random_1,8,decoder_cross_attn,0,per_head,1.5,subtract,-7.738875389099121,-7.822093963623047,-7.224882125854492,-7.242277145385742,0.01739501953125,,2.3537819385528564
490595,4763067,information_random_1,7,decoder_cross_attn,3,per_head,0.5,subtract,-7.738875389099121,-7.822093963623047,-7.224882125854492,-7.238853454589844,0.013971328735351562,,2.7912943363189697
490595,4763067,information_random_1,7,decoder_cross_attn,3,per_head,1.0,subtract,-7.738875389099121,-7.822093963623047,-7.224882125854492,-7.2527923583984375,0.027910232543945312,,2.7912943363189697
490595,4763067,information_random_1,7,decoder_cross_attn,3,per_head,1.5,subtract,-7.738875389099121,-7.822093963623047,-7.224882125854492,-7.26664924621582,0.041767120361328125,,2.7912943363189697
490595,4763067,information_random_1,10,decoder_cross_attn,6,per_head,0.5,subtract,-7.738875389099121,-7.822093963623047,-7.224882125854492,-7.229511260986328,0.0046291351318359375,,1.9554365873336792
490595,4763067,information_random_1,10,decoder_cross_attn,6,per_head,1.0,subtract,-7.738875389099121,-7.822093963623047,-7.224882125854492,-7.234166145324707,0.009284019470214844,,1.9554365873336792
490595,4763067,information_random_1,10,decoder_cross_attn,6,per_head,1.5,subtract,-7.738875389099121,-7.822093963623047,-7.224882125854492,-7.238819122314453,0.013936996459960938,,1.9554365873336792
490595,4763067,information_random_1,7,decoder_cross_attn,5,per_head,0.5,subtract,-7.738875389099121,-7.822093963623047,-7.224882125854492,-7.230060577392578,0.0051784515380859375,,2.274880886077881
490595,4763067,information_random_1,7,decoder_cross_attn,5,per_head,1.0,subtract,-7.738875389099121,-7.822093963623047,-7.224882125854492,-7.235143661499023,0.01026153564453125,,2.274880886077881
490595,4763067,information_random_1,7,decoder_cross_attn,5,per_head,1.5,subtract,-7.738875389099121,-7.822093963623047,-7.224882125854492,-7.240124702453613,0.015242576599121094,,2.274880886077881
490595,4763067,information_random_1,4,decoder_cross_attn,2,per_head,0.5,subtract,-7.738875389099121,-7.822093963623047,-7.224882125854492,-7.227947235107422,0.0030651092529296875,,1.0704455375671387
490595,4763067,information_random_1,4,decoder_cross_attn,2,per_head,1.0,subtract,-7.738875389099121,-7.822093963623047,-7.224882125854492,-7.231008529663086,0.00612640380859375,,1.0704455375671387
490595,4763067,information_random_1,4,decoder_cross_attn,2,per_head,1.5,subtract,-7.738875389099121,-7.822093963623047,-7.224882125854492,-7.234073638916016,0.009191513061523438,,1.0704455375671387
490595,4763067,information_random_1,7,decoder_cross_attn,6,per_head,0.5,subtract,-7.738875389099121,-7.822093963623047,-7.224882125854492,-7.228246688842773,0.00336456298828125,,1.165013313293457
490595,4763067,information_random_1,7,decoder_cross_attn,6,per_head,1.0,subtract,-7.738875389099121,-7.822093963623047,-7.224882125854492,-7.231602668762207,0.006720542907714844,,1.165013313293457
490595,4763067,information_random_1,7,decoder_cross_attn,6,per_head,1.5,subtract,-7.738875389099121,-7.822093963623047,-7.224882125854492,-7.234947204589844,0.010065078735351562,,1.165013313293457
490595,4763067,information_random_1,11,decoder_cross_attn,2,per_head,0.5,subtract,-7.738875389099121,-7.822093963623047,-7.224882125854492,-7.232372283935547,0.0074901580810546875,,2.1183841228485107
490595,4763067,information_random_1,11,decoder_cross_attn,2,per_head,1.0,subtract,-7.738875389099121,-7.822093963623047,-7.224882125854492,-7.2398529052734375,0.014970779418945312,,2.1183841228485107
490595,4763067,information_random_1,11,decoder_cross_attn,2,per_head,1.5,subtract,-7.738875389099121,-7.822093963623047,-7.224882125854492,-7.247321128845215,0.022439002990722656,,2.1183841228485107
490595,4763067,information_random_1,5,decoder_cross_attn,7,per_head,0.5,subtract,-7.738875389099121,-7.822093963623047,-7.224882125854492,-7.231391906738281,0.0065097808837890625,,1.3838692903518677
490595,4763067,information_random_1,5,decoder_cross_attn,7,per_head,1.0,subtract,-7.738875389099121,-7.822093963623047,-7.224882125854492,-7.237903594970703,0.013021469116210938,,1.3838692903518677
490595,4763067,information_random_1,5,decoder_cross_attn,7,per_head,1.5,subtract,-7.738875389099121,-7.822093963623047,-7.224882125854492,-7.24437141418457,0.019489288330078125,,1.3838692903518677
490595,4763067,information_random_1,6,decoder_cross_attn,9,per_head,0.5,subtract,-7.738875389099121,-7.822093963623047,-7.224882125854492,-7.231693267822266,0.0068111419677734375,,1.6831058263778687
490595,4763067,information_random_1,6,decoder_cross_attn,9,per_head,1.0,subtract,-7.738875389099121,-7.822093963623047,-7.224882125854492,-7.238494873046875,0.013612747192382812,,1.6831058263778687
490595,4763067,information_random_1,6,decoder_cross_attn,9,per_head,1.5,subtract,-7.738875389099121,-7.822093963623047,-7.224882125854492,-7.245281219482422,0.020399093627929688,,1.6831058263778687
490595,4763067,information_random_1,0,decoder_cross_attn,5,per_head,0.5,subtract,-7.738875389099121,-7.822093963623047,-7.224882125854492,-7.227614402770996,0.0027322769165039062,,0.8403618335723877
490595,4763067,information_random_1,0,decoder_cross_attn,5,per_head,1.0,subtract,-7.738875389099121,-7.822093963623047,-7.224882125854492,-7.2303571701049805,0.005475044250488281,,0.8403618335723877
490595,4763067,information_random_1,0,decoder_cross_attn,5,per_head,1.5,subtract,-7.738875389099121,-7.822093963623047,-7.224882125854492,-7.233059883117676,0.008177757263183594,,0.8403618335723877
490595,4763067,information_random_1,6,decoder_cross_attn,7,per_head,0.5,subtract,-7.738875389099121,-7.822093963623047,-7.224882125854492,-7.237339973449707,0.012457847595214844,,2.008059024810791
490595,4763067,information_random_1,6,decoder_cross_attn,7,per_head,1.0,subtract,-7.738875389099121,-7.822093963623047,-7.224882125854492,-7.249756813049316,0.02487468719482422,,2.008059024810791
490595,4763067,information_random_1,6,decoder_cross_attn,7,per_head,1.5,subtract,-7.738875389099121,-7.822093963623047,-7.224882125854492,-7.262154579162598,0.03727245330810547,,2.008059024810791
490595,4763067,information_random_1,11,decoder_cross_attn,3,per_head,0.5,add,-7.738875389099121,-7.822093963623047,-7.224882125854492,-7.715543746948242,,0.023331642150878906,4.913106441497803
490595,4763067,information_random_1,11,decoder_cross_attn,3,per_head,1.0,add,-7.738875389099121,-7.822093963623047,-7.224882125854492,-7.692258834838867,,0.046616554260253906,4.913106441497803
490595,4763067,information_random_1,11,decoder_cross_attn,3,per_head,1.5,add,-7.738875389099121,-7.822093963623047,-7.224882125854492,-7.669681549072266,,0.06919384002685547,4.913106441497803
490595,4763067,information_random_1,11,decoder_cross_attn,6,per_head,0.5,add,-7.738875389099121,-7.822093963623047,-7.224882125854492,-7.72674560546875,,0.012129783630371094,3.656248092651367
490595,4763067,information_random_1,11,decoder_cross_attn,6,per_head,1.0,add,-7.738875389099121,-7.822093963623047,-7.224882125854492,-7.714588165283203,,0.02428722381591797,3.656248092651367
490595,4763067,information_random_1,11,decoder_cross_attn,6,per_head,1.5,add,-7.738875389099121,-7.822093963623047,-7.224882125854492,-7.702401161193848,,0.03647422790527344,3.656248092651367
490595,4763067,information_random_1,11,decoder_cross_attn,11,per_head,0.5,add,-7.738875389099121,-7.822093963623047,-7.224882125854492,-7.720693588256836,,0.018181800842285156,3.6226985454559326
490595,4763067,information_random_1,11,decoder_cross_attn,11,per_head,1.0,add,-7.738875389099121,-7.822093963623047,-7.224882125854492,-7.702489852905273,,0.036385536193847656,3.6226985454559326
490595,4763067,information_random_1,11,decoder_cross_attn,11,per_head,1.5,add,-7.738875389099121,-7.822093963623047,-7.224882125854492,-7.684259414672852,,0.05461597442626953,3.6226985454559326
490595,4763067,information_random_1,11,decoder_cross_attn,0,per_head,0.5,add,-7.738875389099121,-7.822093963623047,-7.224882125854492,-7.730898857116699,,0.007976531982421875,2.1161696910858154
490595,4763067,information_random_1,11,decoder_cross_attn,0,per_head,1.0,add,-7.738875389099121,-7.822093963623047,-7.224882125854492,-7.7229108810424805,,0.015964508056640625,2.1161696910858154
490595,4763067,information_random_1,11,decoder_cross_attn,0,per_head,1.5,add,-7.738875389099121,-7.822093963623047,-7.224882125854492,-7.714910507202148,,0.023964881896972656,2.1161696910858154
490595,4763067,information_random_1,11,decoder_self_attn,3,per_head,0.5,add,-7.738875389099121,-7.822093963623047,-7.224882125854492,-7.739785194396973,,-0.0009098052978515625,2.173255205154419
490595,4763067,information_random_1,11,decoder_self_attn,3,per_head,1.0,add,-7.738875389099121,-7.822093963623047,-7.224882125854492,-7.740668296813965,,-0.00179290771484375,2.173255205154419
490595,4763067,information_random_1,11,decoder_self_attn,3,per_head,1.5,add,-7.738875389099121,-7.822093963623047,-7.224882125854492,-7.741534233093262,,-0.002658843994140625,2.173255205154419
490595,4763067,information_random_1,9,decoder_cross_attn,2,per_head,0.5,add,-7.738875389099121,-7.822093963623047,-7.224882125854492,-7.7144775390625,,0.024397850036621094,4.228691101074219
490595,4763067,information_random_1,9,decoder_cross_attn,2,per_head,1.0,add,-7.738875389099121,-7.822093963623047,-7.224882125854492,-7.690000534057617,,0.048874855041503906,4.228691101074219
490595,4763067,information_random_1,9,decoder_cross_attn,2,per_head,1.5,add,-7.738875389099121,-7.822093963623047,-7.224882125854492,-7.665268898010254,,0.07360649108886719,4.228691101074219
490595,4763067,information_random_1,10,decoder_cross_attn,0,per_head,0.5,add,-7.738875389099121,-7.822093963623047,-7.224882125854492,-7.728218078613281,,0.010657310485839844,12.12502384185791
490595,4763067,information_random_1,10,decoder_cross_attn,0,per_head,1.0,add,-7.738875389099121,-7.822093963623047,-7.224882125854492,-7.715677261352539,,0.02319812774658203,12.12502384185791
490595,4763067,information_random_1,10,decoder_cross_attn,0,per_head,1.5,add,-7.738875389099121,-7.822093963623047,-7.224882125854492,-7.7012481689453125,,0.037627220153808594,12.12502384185791
490595,4763067,information_random_1,10,decoder_cross_attn,3,per_head,0.5,add,-7.738875389099121,-7.822093963623047,-7.224882125854492,-7.735342025756836,,0.0035333633422851562,2.247756242752075
490595,4763067,information_random_1,10,decoder_cross_attn,3,per_head,1.0,add,-7.738875389099121,-7.822093963623047,-7.224882125854492,-7.731846809387207,,0.0070285797119140625,2.247756242752075
490595,4763067,information_random_1,10,decoder_cross_attn,3,per_head,1.5,add,-7.738875389099121,-7.822093963623047,-7.224882125854492,-7.728360176086426,,0.010515213012695312,2.247756242752075
490595,4763067,information_random_1,8,decoder_cross_attn,7,per_head,0.5,add,-7.738875389099121,-7.822093963623047,-7.224882125854492,-7.718503952026367,,0.020371437072753906,2.599320650100708
490595,4763067,information_random_1,8,decoder_cross_attn,7,per_head,1.0,add,-7.738875389099121,-7.822093963623047,-7.224882125854492,-7.698124885559082,,0.04075050354003906,2.599320650100708
490595,4763067,information_random_1,8,decoder_cross_attn,7,per_head,1.5,add,-7.738875389099121,-7.822093963623047,-7.224882125854492,-7.677700996398926,,0.06117439270019531,2.599320650100708
490595,4763067,information_random_1,9,decoder_cross_attn,7,per_head,0.5,add,-7.738875389099121,-7.822093963623047,-7.224882125854492,-7.730003356933594,,0.008872032165527344,3.426360607147217
490595,4763067,information_random_1,9,decoder_cross_attn,7,per_head,1.0,add,-7.738875389099121,-7.822093963623047,-7.224882125854492,-7.721174240112305,,0.017701148986816406,3.426360607147217
490595,4763067,information_random_1,9,decoder_cross_attn,7,per_head,1.5,add,-7.738875389099121,-7.822093963623047,-7.224882125854492,-7.7123870849609375,,0.026488304138183594,3.426360607147217
490595,4763067,information_random_1,11,decoder_cross_attn,1,per_head,0.5,add,-7.738875389099121,-7.822093963623047,-7.224882125854492,-7.734352111816406,,0.004523277282714844,2.567375898361206
490595,4763067,information_random_1,11,decoder_cross_attn,1,per_head,1.0,add,-7.738875389099121,-7.822093963623047,-7.224882125854492,-7.72981071472168,,0.009064674377441406,2.567375898361206
490595,4763067,information_random_1,11,decoder_cross_attn,1,per_head,1.5,add,-7.738875389099121,-7.822093963623047,-7.224882125854492,-7.725261688232422,,0.013613700866699219,2.567375898361206
490595,4763067,information_random_1,8,decoder_cross_attn,0,per_head,0.5,add,-7.738875389099121,-7.822093963623047,-7.224882125854492,-7.73344612121582,,0.005429267883300781,2.3537819385528564
490595,4763067,information_random_1,8,decoder_cross_attn,0,per_head,1.0,add,-7.738875389099121,-7.822093963623047,-7.224882125854492,-7.727970123291016,,0.010905265808105469,2.3537819385528564
490595,4763067,information_random_1,8,decoder_cross_attn,0,per_head,1.5,add,-7.738875389099121,-7.822093963623047,-7.224882125854492,-7.722476959228516,,0.01639842987060547,2.3537819385528564
490595,4763067,information_random_1,7,decoder_cross_attn,3,per_head,0.5,add,-7.738875389099121,-7.822093963623047,-7.224882125854492,-7.725299835205078,,0.013575553894042969,2.7912943363189697
490595,4763067,information_random_1,7,decoder_cross_attn,3,per_head,1.0,add,-7.738875389099121,-7.822093963623047,-7.224882125854492,-7.711672782897949,,0.027202606201171875,2.7912943363189697
490595,4763067,information_random_1,7,decoder_cross_attn,3,per_head,1.5,add,-7.738875389099121,-7.822093963623047,-7.224882125854492,-7.698001861572266,,0.04087352752685547,2.7912943363189697
490595,4763067,information_random_1,10,decoder_cross_attn,6,per_head,0.5,add,-7.738875389099121,-7.822093963623047,-7.224882125854492,-7.734521865844727,,0.004353523254394531,1.9554365873336792
490595,4763067,information_random_1,10,decoder_cross_attn,6,per_head,1.0,add,-7.738875389099121,-7.822093963623047,-7.224882125854492,-7.730177879333496,,0.008697509765625,1.9554365873336792
490595,4763067,information_random_1,10,decoder_cross_attn,6,per_head,1.5,add,-7.738875389099121,-7.822093963623047,-7.224882125854492,-7.725852012634277,,0.01302337646484375,1.9554365873336792
490595,4763067,information_random_1,7,decoder_cross_attn,5,per_head,0.5,add,-7.738875389099121,-7.822093963623047,-7.224882125854492,-7.734172821044922,,0.004702568054199219,2.274880886077881
490595,4763067,information_random_1,7,decoder_cross_attn,5,per_head,1.0,add,-7.738875389099121,-7.822093963623047,-7.224882125854492,-7.729434967041016,,0.009440422058105469,2.274880886077881
490595,4763067,information_random_1,7,decoder_cross_attn,5,per_head,1.5,add,-7.738875389099121,-7.822093963623047,-7.224882125854492,-7.724662780761719,,0.014212608337402344,2.274880886077881
490595,4763067,information_random_1,4,decoder_cross_attn,2,per_head,0.5,add,-7.738875389099121,-7.822093963623047,-7.224882125854492,-7.735653877258301,,0.0032215118408203125,1.0704455375671387
490595,4763067,information_random_1,4,decoder_cross_attn,2,per_head,1.0,add,-7.738875389099121,-7.822093963623047,-7.224882125854492,-7.732424736022949,,0.006450653076171875,1.0704455375671387
490595,4763067,information_random_1,4,decoder_cross_attn,2,per_head,1.5,add,-7.738875389099121,-7.822093963623047,-7.224882125854492,-7.729175567626953,,0.009699821472167969,1.0704455375671387
490595,4763067,information_random_1,7,decoder_cross_attn,6,per_head,0.5,add,-7.738875389099121,-7.822093963623047,-7.224882125854492,-7.735581398010254,,0.0032939910888671875,1.165013313293457
490595,4763067,information_random_1,7,decoder_cross_attn,6,per_head,1.0,add,-7.738875389099121,-7.822093963623047,-7.224882125854492,-7.7322998046875,,0.006575584411621094,1.165013313293457
490595,4763067,information_random_1,7,decoder_cross_attn,6,per_head,1.5,add,-7.738875389099121,-7.822093963623047,-7.224882125854492,-7.729016304016113,,0.009859085083007812,1.165013313293457
490595,4763067,information_random_1,11,decoder_cross_attn,2,per_head,0.5,add,-7.738875389099121,-7.822093963623047,-7.224882125854492,-7.731629371643066,,0.0072460174560546875,2.1183841228485107
490595,4763067,information_random_1,11,decoder_cross_attn,2,per_head,1.0,add,-7.738875389099121,-7.822093963623047,-7.224882125854492,-7.724391937255859,,0.014483451843261719,2.1183841228485107
490595,4763067,information_random_1,11,decoder_cross_attn,2,per_head,1.5,add,-7.738875389099121,-7.822093963623047,-7.224882125854492,-7.717151641845703,,0.02172374725341797,2.1183841228485107
490595,4763067,information_random_1,5,decoder_cross_attn,7,per_head,0.5,add,-7.738875389099121,-7.822093963623047,-7.224882125854492,-7.732646942138672,,0.006228446960449219,1.3838692903518677
490595,4763067,information_random_1,5,decoder_cross_attn,7,per_head,1.0,add,-7.738875389099121,-7.822093963623047,-7.224882125854492,-7.726410865783691,,0.012464523315429688,1.3838692903518677
490595,4763067,information_random_1,5,decoder_cross_attn,7,per_head,1.5,add,-7.738875389099121,-7.822093963623047,-7.224882125854492,-7.720174789428711,,0.018700599670410156,1.3838692903518677
490595,4763067,information_random_1,6,decoder_cross_attn,9,per_head,0.5,add,-7.738875389099121,-7.822093963623047,-7.224882125854492,-7.7320451736450195,,0.0068302154541015625,1.6831058263778687
490595,4763067,information_random_1,6,decoder_cross_attn,9,per_head,1.0,add,-7.738875389099121,-7.822093963623047,-7.224882125854492,-7.725214958190918,,0.013660430908203125,1.6831058263778687
490595,4763067,information_random_1,6,decoder_cross_attn,9,per_head,1.5,add,-7.738875389099121,-7.822093963623047,-7.224882125854492,-7.718358993530273,,0.020516395568847656,1.6831058263778687
490595,4763067,information_random_1,0,decoder_cross_attn,5,per_head,0.5,add,-7.738875389099121,-7.822093963623047,-7.224882125854492,-7.7362565994262695,,0.0026187896728515625,0.8403618335723877
490595,4763067,information_random_1,0,decoder_cross_attn,5,per_head,1.0,add,-7.738875389099121,-7.822093963623047,-7.224882125854492,-7.733630180358887,,0.005245208740234375,0.8403618335723877
490595,4763067,information_random_1,0,decoder_cross_attn,5,per_head,1.5,add,-7.738875389099121,-7.822093963623047,-7.224882125854492,-7.730985641479492,,0.007889747619628906,0.8403618335723877
490595,4763067,information_random_1,6,decoder_cross_attn,7,per_head,0.5,add,-7.738875389099121,-7.822093963623047,-7.224882125854492,-7.727052688598633,,0.011822700500488281,2.008059024810791
490595,4763067,information_random_1,6,decoder_cross_attn,7,per_head,1.0,add,-7.738875389099121,-7.822093963623047,-7.224882125854492,-7.715185165405273,,0.023690223693847656,2.008059024810791
490595,4763067,information_random_1,6,decoder_cross_attn,7,per_head,1.5,add,-7.738875389099121,-7.822093963623047,-7.224882125854492,-7.703295707702637,,0.035579681396484375,2.008059024810791
1063750,2992037,information_random_1,11,decoder_cross_attn,3,per_head,0.5,subtract,-10.558281898498535,-10.861626625061035,-10.359455108642578,-10.382048606872559,0.02259349822998047,,4.913106441497803
1063750,2992037,information_random_1,11,decoder_cross_attn,3,per_head,1.0,subtract,-10.558281898498535,-10.861626625061035,-10.359455108642578,-10.404558181762695,0.04510307312011719,,4.913106441497803
1063750,2992037,information_random_1,11,decoder_cross_attn,3,per_head,1.5,subtract,-10.558281898498535,-10.861626625061035,-10.359455108642578,-10.426997184753418,0.06754207611083984,,4.913106441497803
1063750,2992037,information_random_1,11,decoder_cross_attn,6,per_head,0.5,subtract,-10.558281898498535,-10.861626625061035,-10.359455108642578,-10.371164321899414,0.011709213256835938,,3.656248092651367
1063750,2992037,information_random_1,11,decoder_cross_attn,6,per_head,1.0,subtract,-10.558281898498535,-10.861626625061035,-10.359455108642578,-10.38282585144043,0.023370742797851562,,3.656248092651367
1063750,2992037,information_random_1,11,decoder_cross_attn,6,per_head,1.5,subtract,-10.558281898498535,-10.861626625061035,-10.359455108642578,-10.394423484802246,0.03496837615966797,,3.656248092651367
1063750,2992037,information_random_1,11,decoder_cross_attn,11,per_head,0.5,subtract,-10.558281898498535,-10.861626625061035,-10.359455108642578,-10.377955436706543,0.018500328063964844,,3.6226985454559326
1063750,2992037,information_random_1,11,decoder_cross_attn,11,per_head,1.0,subtract,-10.558281898498535,-10.861626625061035,-10.359455108642578,-10.396431922912598,0.03697681427001953,,3.6226985454559326
1063750,2992037,information_random_1,11,decoder_cross_attn,11,per_head,1.5,subtract,-10.558281898498535,-10.861626625061035,-10.359455108642578,-10.414875030517578,0.055419921875,,3.6226985454559326
1063750,2992037,information_random_1,11,decoder_cross_attn,0,per_head,0.5,subtract,-10.558281898498535,-10.861626625061035,-10.359455108642578,-10.367005348205566,0.007550239562988281,,2.1161696910858154
1063750,2992037,information_random_1,11,decoder_cross_attn,0,per_head,1.0,subtract,-10.558281898498535,-10.861626625061035,-10.359455108642578,-10.37453842163086,0.01508331298828125,,2.1161696910858154
1063750,2992037,information_random_1,11,decoder_cross_attn,0,per_head,1.5,subtract,-10.558281898498535,-10.861626625061035,-10.359455108642578,-10.38205623626709,0.02260112762451172,,2.1161696910858154
1063750,2992037,information_random_1,11,decoder_self_attn,3,per_head,0.5,subtract,-10.558281898498535,-10.861626625061035,-10.359455108642578,-10.359212875366211,-0.0002422332763671875,,2.173255205154419
1063750,2992037,information_random_1,11,decoder_self_attn,3,per_head,1.0,subtract,-10.558281898498535,-10.861626625061035,-10.359455108642578,-10.358927726745605,-0.0005273818969726562,,2.173255205154419
1063750,2992037,information_random_1,11,decoder_self_attn,3,per_head,1.5,subtract,-10.558281898498535,-10.861626625061035,-10.359455108642578,-10.358611106872559,-0.0008440017700195312,,2.173255205154419
1063750,2992037,information_random_1,9,decoder_cross_attn,2,per_head,0.5,subtract,-10.558281898498535,-10.861626625061035,-10.359455108642578,-10.380644798278809,0.02118968963623047,,4.228691101074219
1063750,2992037,information_random_1,9,decoder_cross_attn,2,per_head,1.0,subtract,-10.558281898498535,-10.861626625061035,-10.359455108642578,-10.401838302612305,0.04238319396972656,,4.228691101074219
1063750,2992037,information_random_1,9,decoder_cross_attn,2,per_head,1.5,subtract,-10.558281898498535,-10.861626625061035,-10.359455108642578,-10.42304515838623,0.06359004974365234,,4.228691101074219
1063750,2992037,information_random_1,10,decoder_cross_attn,0,per_head,0.5,subtract,-10.558281898498535,-10.861626625061035,-10.359455108642578,-10.338936805725098,-0.02051830291748047,,12.12502384185791
1063750,2992037,information_random_1,10,decoder_cross_attn,0,per_head,1.0,subtract,-10.558281898498535,-10.861626625061035,-10.359455108642578,-10.31740951538086,-0.04204559326171875,,12.12502384185791
1063750,2992037,information_random_1,10,decoder_cross_attn,0,per_head,1.5,subtract,-10.558281898498535,-10.861626625061035,-10.359455108642578,-10.294492721557617,-0.06496238708496094,,12.12502384185791
1063750,2992037,information_random_1,10,decoder_cross_attn,3,per_head,0.5,subtract,-10.558281898498535,-10.861626625061035,-10.359455108642578,-10.362199783325195,0.0027446746826171875,,2.247756242752075
1063750,2992037,information_random_1,10,decoder_cross_attn,3,per_head,1.0,subtract,-10.558281898498535,-10.861626625061035,-10.359455108642578,-10.364991188049316,0.005536079406738281,,2.247756242752075
1063750,2992037,information_random_1,10,decoder_cross_attn,3,per_head,1.5,subtract,-10.558281898498535,-10.861626625061035,-10.359455108642578,-10.367767333984375,0.008312225341796875,,2.247756242752075
1063750,2992037,information_random_1,8,decoder_cross_attn,7,per_head,0.5,subtract,-10.558281898498535,-10.861626625061035,-10.359455108642578,-10.384150505065918,0.024695396423339844,,2.599320650100708
1063750,2992037,information_random_1,8,decoder_cross_attn,7,per_head,1.0,subtract,-10.558281898498535,-10.861626625061035,-10.359455108642578,-10.408815383911133,0.04936027526855469,,2.599320650100708
1063750,2992037,information_random_1,8,decoder_cross_attn,7,per_head,1.5,subtract,-10.558281898498535,-10.861626625061035,-10.359455108642578,-10.433382034301758,0.07392692565917969,,2.599320650100708
1063750,2992037,information_random_1,9,decoder_cross_attn,7,per_head,0.5,subtract,-10.558281898498535,-10.861626625061035,-10.359455108642578,-10.366209030151367,0.0067539215087890625,,3.426360607147217
1063750,2992037,information_random_1,9,decoder_cross_attn,7,per_head,1.0,subtract,-10.558281898498535,-10.861626625061035,-10.359455108642578,-10.37293815612793,0.013483047485351562,,3.426360607147217
1063750,2992037,information_random_1,9,decoder_cross_attn,7,per_head,1.5,subtract,-10.558281898498535,-10.861626625061035,-10.359455108642578,-10.379661560058594,0.020206451416015625,,3.426360607147217
1063750,2992037,information_random_1,11,decoder_cross_attn,1,per_head,0.5,subtract,-10.558281898498535,-10.861626625061035,-10.359455108642578,-10.363219261169434,0.0037641525268554688,,2.567375898361206
1063750,2992037,information_random_1,11,decoder_cross_attn,1,per_head,1.0,subtract,-10.558281898498535,-10.861626625061035,-10.359455108642578,-10.366964340209961,0.0075092315673828125,,2.567375898361206
1063750,2992037,information_random_1,11,decoder_cross_attn,1,per_head,1.5,subtract,-10.558281898498535,-10.861626625061035,-10.359455108642578,-10.370681762695312,0.011226654052734375,,2.567375898361206
1063750,2992037,information_random_1,8,decoder_cross_attn,0,per_head,0.5,subtract,-10.558281898498535,-10.861626625061035,-10.359455108642578,-10.362668991088867,0.0032138824462890625,,2.3537819385528564
1063750,2992037,information_random_1,8,decoder_cross_attn,0,per_head,1.0,subtract,-10.558281898498535,-10.861626625061035,-10.359455108642578,-10.365882873535156,0.006427764892578125,,2.3537819385528564
1063750,2992037,information_random_1,8,decoder_cross_attn,0,per_head,1.5,subtract,-10.558281898498535,-10.861626625061035,-10.359455108642578,-10.369136810302734,0.00968170166015625,,2.3537819385528564
1063750,2992037,information_random_1,7,decoder_cross_attn,3,per_head,0.5,subtract,-10.558281898498535,-10.861626625061035,-10.359455108642578,-10.371475219726562,0.012020111083984375,,2.7912943363189697
1063750,2992037,information_random_1,7,decoder_cross_attn,3,per_head,1.0,subtract,-10.558281898498535,-10.861626625061035,-10.359455108642578,-10.383593559265137,0.024138450622558594,,2.7912943363189697
1063750,2992037,information_random_1,7,decoder_cross_attn,3,per_head,1.5,subtract,-10.558281898498535,-10.861626625061035,-10.359455108642578,-10.395707130432129,0.03625202178955078,,2.7912943363189697
1063750,2992037,information_random_1,10,decoder_cross_attn,6,per_head,0.5,subtract,-10.558281898498535,-10.861626625061035,-10.359455108642578,-10.36312198638916,0.0036668777465820312,,1.9554365873336792
1063750,2992037,information_random_1,10,decoder_cross_attn,6,per_head,1.0,subtract,-10.558281898498535,-10.861626625061035,-10.359455108642578,-10.366782188415527,0.007327079772949219,,1.9554365873336792
1063750,2992037,information_random_1,10,decoder_cross_attn,6,per_head,1.5,subtract,-10.558281898498535,-10.861626625061035,-10.359455108642578,-10.370441436767578,0.010986328125,,1.9554365873336792
1063750,2992037,information_random_1,7,decoder_cross_attn,5,per_head,0.5,subtract,-10.558281898498535,-10.861626625061035,-10.359455108642578,-10.36184024810791,0.0023851394653320312,,2.274880886077881
1063750,2992037,information_random_1,7,decoder_cross_attn,5,per_head,1.0,subtract,-10.558281898498535,-10.861626625061035,-10.359455108642578,-10.364213943481445,0.0047588348388671875,,2.274880886077881
1063750,2992037,information_random_1,7,decoder_cross_attn,5,per_head,1.5,subtract,-10.558281898498535,-10.861626625061035,-10.359455108642578,-10.366288185119629,0.006833076477050781,,2.274880886077881
1063750,2992037,information_random_1,4,decoder_cross_attn,2,per_head,0.5,subtract,-10.558281898498535,-10.861626625061035,-10.359455108642578,-10.36203384399414,0.0025787353515625,,1.0704455375671387
1063750,2992037,information_random_1,4,decoder_cross_attn,2,per_head,1.0,subtract,-10.558281898498535,-10.861626625061035,-10.359455108642578,-10.364620208740234,0.00516510009765625,,1.0704455375671387
1063750,2992037,information_random_1,4,decoder_cross_attn,2,per_head,1.5,subtract,-10.558281898498535,-10.861626625061035,-10.359455108642578,-10.367193222045898,0.0077381134033203125,,1.0704455375671387
1063750,2992037,information_random_1,7,decoder_cross_attn,6,per_head,0.5,subtract,-10.558281898498535,-10.861626625061035,-10.359455108642578,-10.363775253295898,0.0043201446533203125,,1.165013313293457
1063750,2992037,information_random_1,7,decoder_cross_attn,6,per_head,1.0,subtract,-10.558281898498535,-10.861626625061035,-10.359455108642578,-10.368088722229004,0.008633613586425781,,1.165013313293457
1063750,2992037,information_random_1,7,decoder_cross_attn,6,per_head,1.5,subtract,-10.558281898498535,-10.861626625061035,-10.359455108642578,-10.372395515441895,0.012940406799316406,,1.165013313293457
1063750,2992037,information_random_1,11,decoder_cross_attn,2,per_head,0.5,subtract,-10.558281898498535,-10.861626625061035,-10.359455108642578,-10.366204261779785,0.006749153137207031,,2.1183841228485107
1063750,2992037,information_random_1,11,decoder_cross_attn,2,per_head,1.0,subtract,-10.558281898498535,-10.861626625061035,-10.359455108642578,-10.372940063476562,0.013484954833984375,,2.1183841228485107
1063750,2992037,information_random_1,11,decoder_cross_attn,2,per_head,1.5,subtract,-10.558281898498535,-10.861626625061035,-10.359455108642578,-10.379666328430176,0.020211219787597656,,2.1183841228485107
1063750,2992037,information_random_1,5,decoder_cross_attn,7,per_head,0.5,subtract,-10.558281898498535,-10.861626625061035,-10.359455108642578,-10.365053176879883,0.0055980682373046875,,1.3838692903518677
1063750,2992037,information_random_1,5,decoder_cross_attn,7,per_head,1.0,subtract,-10.558281898498535,-10.861626625061035,-10.359455108642578,-10.37065315246582,0.011198043823242188,,1.3838692903518677
1063750,2992037,information_random_1,5,decoder_cross_attn,7,per_head,1.5,subtract,-10.558281898498535,-10.861626625061035,-10.359455108642578,-10.376261711120605,0.016806602478027344,,1.3838692903518677
1063750,2992037,information_random_1,6,decoder_cross_attn,9,per_head,0.5,subtract,-10.558281898498535,-10.861626625061035,-10.359455108642578,-10.366153717041016,0.0066986083984375,,1.6831058263778687
1063750,2992037,information_random_1,6,decoder_cross_attn,9,per_head,1.0,subtract,-10.558281898498535,-10.861626625061035,-10.359455108642578,-10.372873306274414,0.013418197631835938,,1.6831058263778687
1063750,2992037,information_random_1,6,decoder_cross_attn,9,per_head,1.5,subtract,-10.558281898498535,-10.861626625061035,-10.359455108642578,-10.379587173461914,0.020132064819335938,,1.6831058263778687
1063750,2992037,information_random_1,0,decoder_cross_attn,5,per_head,0.5,subtract,-10.558281898498535,-10.861626625061035,-10.359455108642578,-10.361634254455566,0.0021791458129882812,,0.8403618335723877
1063750,2992037,information_random_1,0,decoder_cross_attn,5,per_head,1.0,subtract,-10.558281898498535,-10.861626625061035,-10.359455108642578,-10.363916397094727,0.0044612884521484375,,0.8403618335723877
1063750,2992037,information_random_1,0,decoder_cross_attn,5,per_head,1.5,subtract,-10.558281898498535,-10.861626625061035,-10.359455108642578,-10.366188049316406,0.006732940673828125,,0.8403618335723877
1063750,2992037,information_random_1,6,decoder_cross_attn,7,per_head,0.5,subtract,-10.558281898498535,-10.861626625061035,-10.359455108642578,-10.371191024780273,0.011735916137695312,,2.008059024810791
1063750,2992037,information_random_1,6,decoder_cross_attn,7,per_head,1.0,subtract,-10.558281898498535,-10.861626625061035,-10.359455108642578,-10.38287353515625,0.023418426513671875,,2.008059024810791
1063750,2992037,information_random_1,6,decoder_cross_attn,7,per_head,1.5,subtract,-10.558281898498535,-10.861626625061035,-10.359455108642578,-10.394416809082031,0.034961700439453125,,2.008059024810791
1063750,2992037,information_random_1,11,decoder_cross_attn,3,per_head,0.5,add,-10.558281898498535,-10.861626625061035,-10.359455108642578,-10.536022186279297,,0.02225971221923828,4.913106441497803
1063750,2992037,information_random_1,11,decoder_cross_attn,3,per_head,1.0,add,-10.558281898498535,-10.861626625061035,-10.359455108642578,-10.513683319091797,,0.04459857940673828,4.913106441497803
1063750,2992037,information_random_1,11,decoder_cross_attn,3,per_head,1.5,add,-10.558281898498535,-10.861626625061035,-10.359455108642578,-10.491268157958984,,0.06701374053955078,4.913106441497803
1063750,2992037,information_random_1,11,decoder_cross_attn,6,per_head,0.5,add,-10.558281898498535,-10.861626625061035,-10.359455108642578,-10.54674243927002,,0.011539459228515625,3.656248092651367
1063750,2992037,information_random_1,11,decoder_cross_attn,6,per_head,1.0,add,-10.558281898498535,-10.861626625061035,-10.359455108642578,-10.53516960144043,,0.02311229705810547,3.656248092651367
1063750,2992037,information_random_1,11,decoder_cross_attn,6,per_head,1.5,add,-10.558281898498535,-10.861626625061035,-10.359455108642578,-10.523558616638184,,0.03472328186035156,3.656248092651367
1063750,2992037,information_random_1,11,decoder_cross_attn,11,per_head,0.5,add,-10.558281898498535,-10.861626625061035,-10.359455108642578,-10.54000186920166,,0.018280029296875,3.6226985454559326
1063750,2992037,information_random_1,11,decoder_cross_attn,11,per_head,1.0,add,-10.558281898498535,-10.861626625061035,-10.359455108642578,-10.521689414978027,,0.03659248352050781,3.6226985454559326
1063750,2992037,information_random_1,11,decoder_cross_attn,11,per_head,1.5,add,-10.558281898498535,-10.861626625061035,-10.359455108642578,-10.503347396850586,,0.05493450164794922,3.6226985454559326
1063750,2992037,information_random_1,11,decoder_cross_attn,0,per_head,0.5,add,-10.558281898498535,-10.861626625061035,-10.359455108642578,-10.550823211669922,,0.007458686828613281,2.1161696910858154
1063750,2992037,information_random_1,11,decoder_cross_attn,0,per_head,1.0,add,-10.558281898498535,-10.861626625061035,-10.359455108642578,-10.543343544006348,,0.0149383544921875,2.1161696910858154
1063750,2992037,information_random_1,11,decoder_cross_attn,0,per_head,1.5,add,-10.558281898498535,-10.861626625061035,-10.359455108642578,-10.53585433959961,,0.02242755889892578,2.1161696910858154
1063750,2992037,information_random_1,11,decoder_self_attn,3,per_head,0.5,add,-10.558281898498535,-10.861626625061035,-10.359455108642578,-10.559112548828125,,-0.0008306503295898438,2.173255205154419
1063750,2992037,information_random_1,11,decoder_self_attn,3,per_head,1.0,add,-10.558281898498535,-10.861626625061035,-10.359455108642578,-10.559898376464844,,-0.0016164779663085938,2.173255205154419
1063750,2992037,information_random_1,11,decoder_self_attn,3,per_head,1.5,add,-10.558281898498535,-10.861626625061035,-10.359455108642578,-10.560649871826172,,-0.0023679733276367188,2.173255205154419
1063750,2992037,information_random_1,9,decoder_cross_attn,2,per_head,0.5,add,-10.558281898498535,-10.861626625061035,-10.359455108642578,-10.536247253417969,,0.022034645080566406,4.228691101074219
1063750,2992037,information_random_1,9,decoder_cross_attn,2,per_head,1.0,add,-10.558281898498535,-10.861626625061035,-10.359455108642578,-10.514138221740723,,0.0441436767578125,4.228691101074219
1063750,2992037,information_random_1,9,decoder_cross_attn,2,per_head,1.5,add,-10.558281898498535,-10.861626625061035,-10.359455108642578,-10.491949081420898,,0.06633281707763672,4.228691101074219
1063750,2992037,information_random_1,10,decoder_cross_attn,0,per_head,0.5,add,-10.558281898498535,-10.861626625061035,-10.359455108642578,-10.572465896606445,,-0.014183998107910156,12.12502384185791
1063750,2992037,information_random_1,10,decoder_cross_attn,0,per_head,1.0,add,-10.558281898498535,-10.861626625061035,-10.359455108642578,-10.584264755249023,,-0.02598285675048828,12.12502384185791
1063750,2992037,information_random_1,10,decoder_cross_attn,0,per_head,1.5,add,-10.558281898498535,-10.861626625061035,-10.359455108642578,-10.592113494873047,,-0.03383159637451172,12.12502384185791
1063750,2992037,information_random_1,10,decoder_cross_attn,3,per_head,0.5,add,-10.558281898498535,-10.861626625061035,-10.359455108642578,-10.556074142456055,,0.0022077560424804688,2.247756242752075
1063750,2992037,information_random_1,10,decoder_cross_attn,3,per_head,1.0,add,-10.558281898498535,-10.861626625061035,-10.359455108642578,-10.553893089294434,,0.0043888092041015625,2.247756242752075
1063750,2992037,information_random_1,10,decoder_cross_attn,3,per_head,1.5,add,-10.558281898498535,-10.861626625061035,-10.359455108642578,-10.551706314086914,,0.006575584411621094,2.247756242752075
1063750,2992037,information_random_1,8,decoder_cross_attn,7,per_head,0.5,add,-10.558281898498535,-10.861626625061035,-10.359455108642578,-10.535164833068848,,0.0231170654296875,2.599320650100708
1063750,2992037,information_random_1,8,decoder_cross_attn,7,per_head,1.0,add,-10.558281898498535,-10.861626625061035,-10.359455108642578,-10.511958122253418,,0.04632377624511719,2.599320650100708
1063750,2992037,information_random_1,8,decoder_cross_attn,7,per_head,1.5,add,-10.558281898498535,-10.861626625061035,-10.359455108642578,-10.488616943359375,,0.06966495513916016,2.599320650100708
1063750,2992037,information_random_1,9,decoder_cross_attn,7,per_head,0.5,add,-10.558281898498535,-10.861626625061035,-10.359455108642578,-10.551347732543945,,0.006934165954589844,3.426360607147217
1063750,2992037,information_random_1,9,decoder_cross_attn,7,per_head,1.0,add,-10.558281898498535,-10.861626625061035,-10.359455108642578,-10.544534683227539,,0.013747215270996094,3.426360607147217
1063750,2992037,information_random_1,9,decoder_cross_attn,7,per_head,1.5,add,-10.558281898498535,-10.861626625061035,-10.359455108642578,-10.537776947021484,,0.02050495147705078,3.426360607147217
1063750,2992037,information_random_1,11,decoder_cross_attn,1,per_head,0.5,add,-10.558281898498535,-10.861626625061035,-10.359455108642578,-10.554557800292969,,0.0037240982055664062,2.567375898361206
1063750,2992037,information_random_1,11,decoder_cross_attn,1,per_head,1.0,add,-10.558281898498535,-10.861626625061035,-10.359455108642578,-10.550813674926758,,0.007468223571777344,2.567375898361206
1063750,2992037,information_random_1,11,decoder_cross_attn,1,per_head,1.5,add,-10.558281898498535,-10.861626625061035,-10.359455108642578,-10.547045707702637,,0.011236190795898438,2.567375898361206
1063750,2992037,information_random_1,8,decoder_cross_attn,0,per_head,0.5,add,-10.558281898498535,-10.861626625061035,-10.359455108642578,-10.554746627807617,,0.0035352706909179688,2.3537819385528564
1063750,2992037,information_random_1,8,decoder_cross_attn,0,per_head,1.0,add,-10.558281898498535,-10.861626625061035,-10.359455108642578,-10.551427841186523,,0.006854057312011719,2.3537819385528564
1063750,2992037,information_random_1,8,decoder_cross_attn,0,per_head,1.5,add,-10.558281898498535,-10.861626625061035,-10.359455108642578,-10.548046112060547,,0.010235786437988281,2.3537819385528564
1063750,2992037,information_random_1,7,decoder_cross_attn,3,per_head,0.5,add,-10.558281898498535,-10.861626625061035,-10.359455108642578,-10.547627449035645,,0.010654449462890625,2.7912943363189697
1063750,2992037,information_random_1,7,decoder_cross_attn,3,per_head,1.0,add,-10.558281898498535,-10.861626625061035,-10.359455108642578,-10.537001609802246,,0.021280288696289062,2.7912943363189697
1063750,2992037,information_random_1,7,decoder_cross_attn,3,per_head,1.5,add,-10.558281898498535,-10.861626625061035,-10.359455108642578,-10.52648639678955,,0.031795501708984375,2.7912943363189697
1063750,2992037,information_random_1,10,decoder_cross_attn,6,per_head,0.5,add,-10.558281898498535,-10.861626625061035,-10.359455108642578,-10.554275512695312,,0.004006385803222656,1.9554365873336792
1063750,2992037,information_random_1,10,decoder_cross_attn,6,per_head,1.0,add,-10.558281898498535,-10.861626625061035,-10.359455108642578,-10.550207138061523,,0.008074760437011719,1.9554365873336792
1063750,2992037,information_random_1,10,decoder_cross_attn,6,per_head,1.5,add,-10.558281898498535,-10.861626625061035,-10.359455108642578,-10.546136856079102,,0.012145042419433594,1.9554365873336792
1063750,2992037,information_random_1,7,decoder_cross_attn,5,per_head,0.5,add,-10.558281898498535,-10.861626625061035,-10.359455108642578,-10.555465698242188,,0.0028162002563476562,2.274880886077881
1063750,2992037,information_random_1,7,decoder_cross_attn,5,per_head,1.0,add,-10.558281898498535,-10.861626625061035,-10.359455108642578,-10.552654266357422,,0.005627632141113281,2.274880886077881
1063750,2992037,information_random_1,7,decoder_cross_attn,5,per_head,1.5,add,-10.558281898498535,-10.861626625061035,-10.359455108642578,-10.54991626739502,,0.008365631103515625,2.274880886077881
1063750,2992037,information_random_1,4,decoder_cross_attn,2,per_head,0.5,add,-10.558281898498535,-10.861626625061035,-10.359455108642578,-10.555723190307617,,0.0025587081909179688,1.0704455375671387
1063750,2992037,information_random_1,4,decoder_cross_attn,2,per_head,1.0,add,-10.558281898498535,-10.861626625061035,-10.359455108642578,-10.553141593933105,,0.0051403045654296875,1.0704455375671387
1063750,2992037,information_random_1,4,decoder_cross_attn,2,per_head,1.5,add,-10.558281898498535,-10.861626625061035,-10.359455108642578,-10.550539016723633,,0.007742881774902344,1.0704455375671387
1063750,2992037,information_random_1,7,decoder_cross_attn,6,per_head,0.5,add,-10.558281898498535,-10.861626625061035,-10.359455108642578,-10.554413795471191,,0.00386810302734375,1.165013313293457
1063750,2992037,information_random_1,7,decoder_cross_attn,6,per_head,1.0,add,-10.558281898498535,-10.861626625061035,-10.359455108642578,-10.550518989562988,,0.007762908935546875,1.165013313293457
1063750,2992037,information_random_1,7,decoder_cross_attn,6,per_head,1.5,add,-10.558281898498535,-10.861626625061035,-10.359455108642578,-10.54661750793457,,0.011664390563964844,1.165013313293457
1063750,2992037,information_random_1,11,decoder_cross_attn,2,per_head,0.5,add,-10.558281898498535,-10.861626625061035,-10.359455108642578,-10.551602363586426,,0.006679534912109375,2.1183841228485107
1063750,2992037,information_random_1,11,decoder_cross_attn,2,per_head,1.0,add,-10.558281898498535,-10.861626625061035,-10.359455108642578,-10.544906616210938,,0.013375282287597656,2.1183841228485107
1063750,2992037,information_random_1,11,decoder_cross_attn,2,per_head,1.5,add,-10.558281898498535,-10.861626625061035,-10.359455108642578,-10.53819751739502,,0.020084381103515625,2.1183841228485107
1063750,2992037,information_random_1,5,decoder_cross_attn,7,per_head,0.5,add,-10.558281898498535,-10.861626625061035,-10.359455108642578,-10.55246353149414,,0.005818367004394531,1.3838692903518677
1063750,2992037,information_random_1,5,decoder_cross_attn,7,per_head,1.0,add,-10.558281898498535,-10.861626625061035,-10.359455108642578,-10.546618461608887,,0.011663436889648438,1.3838692903518677
1063750,2992037,information_random_1,5,decoder_cross_attn,7,per_head,1.5,add,-10.558281898498535,-10.861626625061035,-10.359455108642578,-10.54076862335205,,0.017513275146484375,1.3838692903518677
1063750,2992037,information_random_1,6,decoder_cross_attn,9,per_head,0.5,add,-10.558281898498535,-10.861626625061035,-10.359455108642578,-10.551084518432617,,0.007197380065917969,1.6831058263778687
1063750,2992037,information_random_1,6,decoder_cross_attn,9,per_head,1.0,add,-10.558281898498535,-10.861626625061035,-10.359455108642578,-10.543938636779785,,0.01434326171875,1.6831058263778687
1063750,2992037,information_random_1,6,decoder_cross_attn,9,per_head,1.5,add,-10.558281898498535,-10.861626625061035,-10.359455108642578,-10.536827087402344,,0.021454811096191406,1.6831058263778687
1063750,2992037,information_random_1,0,decoder_cross_attn,5,per_head,0.5,add,-10.558281898498535,-10.861626625061035,-10.359455108642578,-10.556121826171875,,0.0021600723266601562,0.8403618335723877
1063750,2992037,information_random_1,0,decoder_cross_attn,5,per_head,1.0,add,-10.558281898498535,-10.861626625061035,-10.359455108642578,-10.55392837524414,,0.004353523254394531,0.8403618335723877
1063750,2992037,information_random_1,0,decoder_cross_attn,5,per_head,1.5,add,-10.558281898498535,-10.861626625061035,-10.359455108642578,-10.5517578125,,0.006524085998535156,0.8403618335723877
1063750,2992037,information_random_1,6,decoder_cross_attn,7,per_head,0.5,add,-10.558281898498535,-10.861626625061035,-10.359455108642578,-10.546865463256836,,0.011416435241699219,2.008059024810791
1063750,2992037,information_random_1,6,decoder_cross_attn,7,per_head,1.0,add,-10.558281898498535,-10.861626625061035,-10.359455108642578,-10.535345077514648,,0.02293682098388672,2.008059024810791
1063750,2992037,information_random_1,6,decoder_cross_attn,7,per_head,1.5,add,-10.558281898498535,-10.861626625061035,-10.359455108642578,-10.523731231689453,,0.03455066680908203,2.008059024810791
1114819,768360,information_random_1,11,decoder_cross_attn,3,per_head,0.5,subtract,-10.056329727172852,-9.825414657592773,-9.333063125610352,-9.356897354125977,0.023834228515625,,4.913106441497803
1114819,768360,information_random_1,11,decoder_cross_attn,3,per_head,1.0,subtract,-10.056329727172852,-9.825414657592773,-9.333063125610352,-9.380681991577148,0.047618865966796875,,4.913106441497803
1114819,768360,information_random_1,11,decoder_cross_attn,3,per_head,1.5,subtract,-10.056329727172852,-9.825414657592773,-9.333063125610352,-9.404112815856934,0.07104969024658203,,4.913106441497803
1114819,768360,information_random_1,11,decoder_cross_attn,6,per_head,0.5,subtract,-10.056329727172852,-9.825414657592773,-9.333063125610352,-9.345760345458984,0.012697219848632812,,3.656248092651367
1114819,768360,information_random_1,11,decoder_cross_attn,6,per_head,1.0,subtract,-10.056329727172852,-9.825414657592773,-9.333063125610352,-9.358428955078125,0.025365829467773438,,3.656248092651367
1114819,768360,information_random_1,11,decoder_cross_attn,6,per_head,1.5,subtract,-10.056329727172852,-9.825414657592773,-9.333063125610352,-9.371047973632812,0.03798484802246094,,3.656248092651367
1114819,768360,information_random_1,11,decoder_cross_attn,11,per_head,0.5,subtract,-10.056329727172852,-9.825414657592773,-9.333063125610352,-9.3533296585083,0.02026653289794922,,3.6226985454559326
1114819,768360,information_random_1,11,decoder_cross_attn,11,per_head,1.0,subtract,-10.056329727172852,-9.825414657592773,-9.333063125610352,-9.373558044433594,0.04049491882324219,,3.6226985454559326
1114819,768360,information_random_1,11,decoder_cross_attn,11,per_head,1.5,subtract,-10.056329727172852,-9.825414657592773,-9.333063125610352,-9.39376449584961,0.06070137023925781,,3.6226985454559326
1114819,768360,information_random_1,11,decoder_cross_attn,0,per_head,0.5,subtract,-10.056329727172852,-9.825414657592773,-9.333063125610352,-9.34057331085205,0.007510185241699219,,2.1161696910858154
1114819,768360,information_random_1,11,decoder_cross_attn,0,per_head,1.0,subtract,-10.056329727172852,-9.825414657592773,-9.333063125610352,-9.34807014465332,0.01500701904296875,,2.1161696910858154
1114819,768360,information_random_1,11,decoder_cross_attn,0,per_head,1.5,subtract,-10.056329727172852,-9.825414657592773,-9.333063125610352,-9.355545997619629,0.022482872009277344,,2.1161696910858154
1114819,768360,information_random_1,11,decoder_self_attn,3,per_head,0.5,subtract,-10.056329727172852,-9.825414657592773,-9.333063125610352,-9.335236549377441,0.0021734237670898438,,2.173255205154419
1114819,768360,information_random_1,11,decoder_self_attn,3,per_head,1.0,subtract,-10.056329727172852,-9.825414657592773,-9.333063125610352,-9.337396621704102,0.00433349609375,,2.173255205154419
1114819,768360,information_random_1,11,decoder_self_attn,3,per_head,1.5,subtract,-10.056329727172852,-9.825414657592773,-9.333063125610352,-9.3395414352417,0.006478309631347656,,2.173255205154419
1114819,768360,information_random_1,9,decoder_cross_attn,2,per_head,0.5,subtract,-10.056329727172852,-9.825414657592773,-9.333063125610352,-9.357718467712402,0.02465534210205078,,4.228691101074219
1114819,768360,information_random_1,9,decoder_cross_attn,2,per_head,1.0,subtract,-10.056329727172852,-9.825414657592773,-9.333063125610352,-9.382375717163086,0.049312591552734375,,4.228691101074219
1114819,768360,information_random_1,9,decoder_cross_attn,2,per_head,1.5,subtract,-10.056329727172852,-9.825414657592773,-9.333063125610352,-9.407058715820312,0.07399559020996094,,4.228691101074219
1114819,768360,information_random_1,10,decoder_cross_attn,0,per_head,0.5,subtract,-10.056329727172852,-9.825414657592773,-9.333063125610352,-9.333573341369629,0.0005102157592773438,,12.12502384185791
1114819,768360,information_random_1,10,decoder_cross_attn,0,per_head,1.0,subtract,-10.056329727172852,-9.825414657592773,-9.333063125610352,-9.333224296569824,0.00016117095947265625,,12.12502384185791
1114819,768360,information_random_1,10,decoder_cross_attn,0,per_head,1.5,subtract,-10.056329727172852,-9.825414657592773,-9.333063125610352,-9.330472946166992,-0.002590179443359375,,12.12502384185791
1114819,768360,information_random_1,10,decoder_cross_attn,3,per_head,0.5,subtract,-10.056329727172852,-9.825414657592773,-9.333063125610352,-9.338648796081543,0.005585670471191406,,2.247756242752075
1114819,768360,information_random_1,10,decoder_cross_attn,3,per_head,1.0,subtract,-10.056329727172852,-9.825414657592773,-9.333063125610352,-9.34421157836914,0.011148452758789062,,2.247756242752075
1114819,768360,information_random_1,10,decoder_cross_attn,3,per_head,1.5,subtract,-10.056329727172852,-9.825414657592773,-9.333063125610352,-9.349773406982422,0.016710281372070312,,2.247756242752075
1114819,768360,information_random_1,8,decoder_cross_attn,7,per_head,0.5,subtract,-10.056329727172852,-9.825414657592773,-9.333063125610352,-9.354582786560059,0.02151966094970703,,2.599320650100708
1114819,768360,information_random_1,8,decoder_cross_attn,7,per_head,1.0,subtract,-10.056329727172852,-9.825414657592773,-9.333063125610352,-9.376176834106445,0.04311370849609375,,2.599320650100708
1114819,768360,information_random_1,8,decoder_cross_attn,7,per_head,1.5,subtract,-10.056329727172852,-9.825414657592773,-9.333063125610352,-9.397736549377441,0.06467342376708984,,2.599320650100708
1114819,768360,information_random_1,9,decoder_cross_attn,7,per_head,0.5,subtract,-10.056329727172852,-9.825414657592773,-9.333063125610352,-9.341018676757812,0.007955551147460938,,3.426360607147217
1114819,768360,information_random_1,9,decoder_cross_attn,7,per_head,1.0,subtract,-10.056329727172852,-9.825414657592773,-9.333063125610352,-9.34902286529541,0.015959739685058594,,3.426360607147217
1114819,768360,information_random_1,9,decoder_cross_attn,7,per_head,1.5,subtract,-10.056329727172852,-9.825414657592773,-9.333063125610352,-9.356744766235352,0.023681640625,,3.426360607147217
1114819,768360,information_random_1,11,decoder_cross_attn,1,per_head,0.5,subtract,-10.056329727172852,-9.825414657592773,-9.333063125610352,-9.336345672607422,0.0032825469970703125,,2.567375898361206
1114819,768360,information_random_1,11,decoder_cross_attn,1,per_head,1.0,subtract,-10.056329727172852,-9.825414657592773,-9.333063125610352,-9.339620590209961,0.006557464599609375,,2.567375898361206
1114819,768360,information_random_1,11,decoder_cross_attn,1,per_head,1.5,subtract,-10.056329727172852,-9.825414657592773,-9.333063125610352,-9.342865943908691,0.009802818298339844,,2.567375898361206
1114819,768360,information_random_1,8,decoder_cross_attn,0,per_head,0.5,subtract,-10.056329727172852,-9.825414657592773,-9.333063125610352,-9.338717460632324,0.005654335021972656,,2.3537819385528564
1114819,768360,information_random_1,8,decoder_cross_attn,0,per_head,1.0,subtract,-10.056329727172852,-9.825414657592773,-9.333063125610352,-9.344400405883789,0.0113372802734375,,2.3537819385528564
1114819,768360,information_random_1,8,decoder_cross_attn,0,per_head,1.5,subtract,-10.056329727172852,-9.825414657592773,-9.333063125610352,-9.350051879882812,0.016988754272460938,,2.3537819385528564
1114819,768360,information_random_1,7,decoder_cross_attn,3,per_head,0.5,subtract,-10.056329727172852,-9.825414657592773,-9.333063125610352,-9.349752426147461,0.016689300537109375,,2.7912943363189697
1114819,768360,information_random_1,7,decoder_cross_attn,3,per_head,1.0,subtract,-10.056329727172852,-9.825414657592773,-9.333063125610352,-9.366593360900879,0.033530235290527344,,2.7912943363189697
1114819,768360,information_random_1,7,decoder_cross_attn,3,per_head,1.5,subtract,-10.056329727172852,-9.825414657592773,-9.333063125610352,-9.383564949035645,0.05050182342529297,,2.7912943363189697
1114819,768360,information_random_1,10,decoder_cross_attn,6,per_head,0.5,subtract,-10.056329727172852,-9.825414657592773,-9.333063125610352,-9.337580680847168,0.004517555236816406,,1.9554365873336792
1114819,768360,information_random_1,10,decoder_cross_attn,6,per_head,1.0,subtract,-10.056329727172852,-9.825414657592773,-9.333063125610352,-9.342103004455566,0.009039878845214844,,1.9554365873336792
1114819,768360,information_random_1,10,decoder_cross_attn,6,per_head,1.5,subtract,-10.056329727172852,-9.825414657592773,-9.333063125610352,-9.346614837646484,0.013551712036132812,,1.9554365873336792
1114819,768360,information_random_1,7,decoder_cross_attn,5,per_head,0.5,subtract,-10.056329727172852,-9.825414657592773,-9.333063125610352,-9.335901260375977,0.002838134765625,,2.274880886077881
1114819,768360,information_random_1,7,decoder_cross_attn,5,per_head,1.0,subtract,-10.056329727172852,-9.825414657592773,-9.333063125610352,-9.338557243347168,0.005494117736816406,,2.274880886077881
1114819,768360,information_random_1,7,decoder_cross_attn,5,per_head,1.5,subtract,-10.056329727172852,-9.825414657592773,-9.333063125610352,-9.341280937194824,0.008217811584472656,,2.274880886077881
1114819,768360,information_random_1,4,decoder_cross_attn,2,per_head,0.5,subtract,-10.056329727172852,-9.825414657592773,-9.333063125610352,-9.33630657196045,0.0032434463500976562,,1.0704455375671387
1114819,768360,information_random_1,4,decoder_cross_attn,2,per_head,1.0,subtract,-10.056329727172852,-9.825414657592773,-9.333063125610352,-9.33952808380127,0.006464958190917969,,1.0704455375671387
1114819,768360,information_random_1,4,decoder_cross_attn,2,per_head,1.5,subtract,-10.056329727172852,-9.825414657592773,-9.333063125610352,-9.34276294708252,0.009699821472167969,,1.0704455375671387
1114819,768360,information_random_1,7,decoder_cross_attn,6,per_head,0.5,subtract,-10.056329727172852,-9.825414657592773,-9.333063125610352,-9.33726978302002,0.004206657409667969,,1.165013313293457
1114819,768360,information_random_1,7,decoder_cross_attn,6,per_head,1.0,subtract,-10.056329727172852,-9.825414657592773,-9.333063125610352,-9.341443061828613,0.008379936218261719,,1.165013313293457
1114819,768360,information_random_1,7,decoder_cross_attn,6,per_head,1.5,subtract,-10.056329727172852,-9.825414657592773,-9.333063125610352,-9.345599174499512,0.012536048889160156,,1.165013313293457
1114819,768360,information_random_1,11,decoder_cross_attn,2,per_head,0.5,subtract,-10.056329727172852,-9.825414657592773,-9.333063125610352,-9.3407564163208,0.007693290710449219,,2.1183841228485107
1114819,768360,information_random_1,11,decoder_cross_attn,2,per_head,1.0,subtract,-10.056329727172852,-9.825414657592773,-9.333063125610352,-9.348443031311035,0.015379905700683594,,2.1183841228485107
1114819,768360,information_random_1,11,decoder_cross_attn,2,per_head,1.5,subtract,-10.056329727172852,-9.825414657592773,-9.333063125610352,-9.356121063232422,0.023057937622070312,,2.1183841228485107
1114819,768360,information_random_1,5,decoder_cross_attn,7,per_head,0.5,subtract,-10.056329727172852,-9.825414657592773,-9.333063125610352,-9.339510917663574,0.006447792053222656,,1.3838692903518677
1114819,768360,information_random_1,5,decoder_cross_attn,7,per_head,1.0,subtract,-10.056329727172852,-9.825414657592773,-9.333063125610352,-9.345951080322266,0.012887954711914062,,1.3838692903518677
1114819,768360,information_random_1,5,decoder_cross_attn,7,per_head,1.5,subtract,-10.056329727172852,-9.825414657592773,-9.333063125610352,-9.352421760559082,0.01935863494873047,,1.3838692903518677
1114819,768360,information_random_1,6,decoder_cross_attn,9,per_head,0.5,subtract,-10.056329727172852,-9.825414657592773,-9.333063125610352,-9.338010787963867,0.004947662353515625,,1.6831058263778687
1114819,768360,information_random_1,6,decoder_cross_attn,9,per_head,1.0,subtract,-10.056329727172852,-9.825414657592773,-9.333063125610352,-9.343052864074707,0.009989738464355469,,1.6831058263778687
1114819,768360,information_random_1,6,decoder_cross_attn,9,per_head,1.5,subtract,-10.056329727172852,-9.825414657592773,-9.333063125610352,-9.348177909851074,0.015114784240722656,,1.6831058263778687
1114819,768360,information_random_1,0,decoder_cross_attn,5,per_head,0.5,subtract,-10.056329727172852,-9.825414657592773,-9.333063125610352,-9.33705997467041,0.003996849060058594,,0.8403618335723877
1114819,768360,information_random_1,0,decoder_cross_attn,5,per_head,1.0,subtract,-10.056329727172852,-9.825414657592773,-9.333063125610352,-9.341039657592773,0.007976531982421875,,0.8403618335723877
1114819,768360,information_random_1,0,decoder_cross_attn,5,per_head,1.5,subtract,-10.056329727172852,-9.825414657592773,-9.333063125610352,-9.345040321350098,0.011977195739746094,,0.8403618335723877
1114819,768360,information_random_1,6,decoder_cross_attn,7,per_head,0.5,subtract,-10.056329727172852,-9.825414657592773,-9.333063125610352,-9.343964576721191,0.010901451110839844,,2.008059024810791
1114819,768360,information_random_1,6,decoder_cross_attn,7,per_head,1.0,subtract,-10.056329727172852,-9.825414657592773,-9.333063125610352,-9.354814529418945,0.02175140380859375,,2.008059024810791
1114819,768360,information_random_1,6,decoder_cross_attn,7,per_head,1.5,subtract,-10.056329727172852,-9.825414657592773,-9.333063125610352,-9.365657806396484,0.03259468078613281,,2.008059024810791
1114819,768360,information_random_1,11,decoder_cross_attn,3,per_head,0.5,add,-10.056329727172852,-9.825414657592773,-9.333063125610352,-10.033541679382324,,0.022788047790527344,4.913106441497803
1114819,768360,information_random_1,11,decoder_cross_attn,3,per_head,1.0,add,-10.056329727172852,-9.825414657592773,-9.333063125610352,-10.01066780090332,,0.04566192626953125,4.913106441497803
1114819,768360,information_random_1,11,decoder_cross_attn,3,per_head,1.5,add,-10.056329727172852,-9.825414657592773,-9.333063125610352,-9.987717628479004,,0.06861209869384766,4.913106441497803
1114819,768360,information_random_1,11,decoder_cross_attn,6,per_head,0.5,add,-10.056329727172852,-9.825414657592773,-9.333063125610352,-10.044295310974121,,0.012034416198730469,3.656248092651367
1114819,768360,information_random_1,11,decoder_cross_attn,6,per_head,1.0,add,-10.056329727172852,-9.825414657592773,-9.333063125610352,-10.032236099243164,,0.0240936279296875,3.656248092651367
1114819,768360,information_random_1,11,decoder_cross_attn,6,per_head,1.5,add,-10.056329727172852,-9.825414657592773,-9.333063125610352,-10.020133972167969,,0.03619575500488281,3.656248092651367
1114819,768360,information_random_1,11,decoder_cross_attn,11,per_head,0.5,add,-10.056329727172852,-9.825414657592773,-9.333063125610352,-10.037213325500488,,0.01911640167236328,3.6226985454559326
1114819,768360,information_random_1,11,decoder_cross_attn,11,per_head,1.0,add,-10.056329727172852,-9.825414657592773,-9.333063125610352,-10.018077850341797,,0.03825187683105469,3.6226985454559326
1114819,768360,information_random_1,11,decoder_cross_attn,11,per_head,1.5,add,-10.056329727172852,-9.825414657592773,-9.333063125610352,-9.998971939086914,,0.0573577880859375,3.6226985454559326
1114819,768360,information_random_1,11,decoder_cross_attn,0,per_head,0.5,add,-10.056329727172852,-9.825414657592773,-9.333063125610352,-10.049165725708008,,0.00716400146484375,2.1161696910858154
1114819,768360,information_random_1,11,decoder_cross_attn,0,per_head,1.0,add,-10.056329727172852,-9.825414657592773,-9.333063125610352,-10.041990280151367,,0.014339447021484375,2.1161696910858154
1114819,768360,information_random_1,11,decoder_cross_attn,0,per_head,1.5,add,-10.056329727172852,-9.825414657592773,-9.333063125610352,-10.034797668457031,,0.021532058715820312,2.1161696910858154
1114819,768360,information_random_1,11,decoder_self_attn,3,per_head,0.5,add,-10.056329727172852,-9.825414657592773,-9.333063125610352,-10.05447006225586,,0.0018596649169921875,2.173255205154419
1114819,768360,information_random_1,11,decoder_self_attn,3,per_head,1.0,add,-10.056329727172852,-9.825414657592773,-9.333063125610352,-10.05272388458252,,0.0036058425903320312,2.173255205154419
1114819,768360,information_random_1,11,decoder_self_attn,3,per_head,1.5,add,-10.056329727172852,-9.825414657592773,-9.333063125610352,-10.050958633422852,,0.00537109375,2.173255205154419
1114819,768360,information_random_1,9,decoder_cross_attn,2,per_head,0.5,add,-10.056329727172852,-9.825414657592773,-9.333063125610352,-10.032307624816895,,0.02402210235595703,4.228691101074219
1114819,768360,information_random_1,9,decoder_cross_attn,2,per_head,1.0,add,-10.056329727172852,-9.825414657592773,-9.333063125610352,-10.008329391479492,,0.048000335693359375,4.228691101074219
1114819,768360,information_random_1,9,decoder_cross_attn,2,per_head,1.5,add,-10.056329727172852,-9.825414657592773,-9.333063125610352,-9.98436164855957,,0.07196807861328125,4.228691101074219
1114819,768360,information_random_1,10,decoder_cross_attn,0,per_head,0.5,add,-10.056329727172852,-9.825414657592773,-9.333063125610352,-10.058736801147461,,-0.002407073974609375,12.12502384185791
1114819,768360,information_random_1,10,decoder_cross_attn,0,per_head,1.0,add,-10.056329727172852,-9.825414657592773,-9.333063125610352,-10.060602188110352,,-0.0042724609375,12.12502384185791
1114819,768360,information_random_1,10,decoder_cross_attn,0,per_head,1.5,add,-10.056329727172852,-9.825414657592773,-9.333063125610352,-10.060815811157227,,-0.004486083984375,12.12502384185791
1114819,768360,information_random_1,10,decoder_cross_attn,3,per_head,0.5,add,-10.056329727172852,-9.825414657592773,-9.333063125610352,-10.050782203674316,,0.005547523498535156,2.247756242752075
1114819,768360,information_random_1,10,decoder_cross_attn,3,per_head,1.0,add,-10.056329727172852,-9.825414657592773,-9.333063125610352,-10.04523754119873,,0.011092185974121094,2.247756242752075
1114819,768360,information_random_1,10,decoder_cross_attn,3,per_head,1.5,add,-10.056329727172852,-9.825414657592773,-9.333063125610352,-10.039767265319824,,0.016562461853027344,2.247756242752075
1114819,768360,information_random_1,8,decoder_cross_attn,7,per_head,0.5,add,-10.056329727172852,-9.825414657592773,-9.333063125610352,-10.035045623779297,,0.021284103393554688,2.599320650100708
1114819,768360,information_random_1,8,decoder_cross_attn,7,per_head,1.0,add,-10.056329727172852,-9.825414657592773,-9.333063125610352,-10.01388931274414,,0.04244041442871094,2.599320650100708
1114819,768360,information_random_1,8,decoder_cross_attn,7,per_head,1.5,add,-10.056329727172852,-9.825414657592773,-9.333063125610352,-9.992525100708008,,0.06380462646484375,2.599320650100708
1114819,768360,information_random_1,9,decoder_cross_attn,7,per_head,0.5,add,-10.056329727172852,-9.825414657592773,-9.333063125610352,-10.049530029296875,,0.0067996978759765625,3.426360607147217
1114819,768360,information_random_1,9,decoder_cross_attn,7,per_head,1.0,add,-10.056329727172852,-9.825414657592773,-9.333063125610352,-10.042779922485352,,0.0135498046875,3.426360607147217
1114819,768360,information_random_1,9,decoder_cross_attn,7,per_head,1.5,add,-10.056329727172852,-9.825414657592773,-9.333063125610352,-10.035768508911133,,0.02056121826171875,3.426360607147217
1114819,768360,information_random_1,11,decoder_cross_attn,1,per_head,0.5,add,-10.056329727172852,-9.825414657592773,-9.333063125610352,-10.05349063873291,,0.0028390884399414062,2.567375898361206
1114819,768360,information_random_1,11,decoder_cross_attn,1,per_head,1.0,add,-10.056329727172852,-9.825414657592773,-9.333063125610352,-10.050704002380371,,0.005625724792480469,2.567375898361206
1114819,768360,information_random_1,11,decoder_cross_attn,1,per_head,1.5,add,-10.056329727172852,-9.825414657592773,-9.333063125610352,-10.04792308807373,,0.008406639099121094,2.567375898361206
1114819,768360,information_random_1,8,decoder_cross_attn,0,per_head,0.5,add,-10.056329727172852,-9.825414657592773,-9.333063125610352,-10.051346778869629,,0.004982948303222656,2.3537819385528564
1114819,768360,information_random_1,8,decoder_cross_attn,0,per_head,1.0,add,-10.056329727172852,-9.825414657592773,-9.333063125610352,-10.046402931213379,,0.009926795959472656,2.3537819385528564
1114819,768360,information_random_1,8,decoder_cross_attn,0,per_head,1.5,add,-10.056329727172852,-9.825414657592773,-9.333063125610352,-10.04146671295166,,0.014863014221191406,2.3537819385528564
1114819,768360,information_random_1,7,decoder_cross_attn,3,per_head,0.5,add,-10.056329727172852,-9.825414657592773,-9.333063125610352,-10.03964900970459,,0.01668071746826172,2.7912943363189697
1114819,768360,information_random_1,7,decoder_cross_attn,3,per_head,1.0,add,-10.056329727172852,-9.825414657592773,-9.333063125610352,-10.023030281066895,,0.03329944610595703,2.7912943363189697
1114819,768360,information_random_1,7,decoder_cross_attn,3,per_head,1.5,add,-10.056329727172852,-9.825414657592773,-9.333063125610352,-10.006357192993164,,0.0499725341796875,2.7912943363189697
1114819,768360,information_random_1,10,decoder_cross_attn,6,per_head,0.5,add,-10.056329727172852,-9.825414657592773,-9.333063125610352,-10.051791191101074,,0.004538536071777344,1.9554365873336792
1114819,768360,information_random_1,10,decoder_cross_attn,6,per_head,1.0,add,-10.056329727172852,-9.825414657592773,-9.333063125610352,-10.047359466552734,,0.008970260620117188,1.9554365873336792
1114819,768360,information_random_1,10,decoder_cross_attn,6,per_head,1.5,add,-10.056329727172852,-9.825414657592773,-9.333063125610352,-10.042927742004395,,0.013401985168457031,1.9554365873336792
1114819,768360,information_random_1,7,decoder_cross_attn,5,per_head,0.5,add,-10.056329727172852,-9.825414657592773,-9.333063125610352,-10.054139137268066,,0.0021905899047851562,2.274880886077881
1114819,768360,information_random_1,7,decoder_cross_attn,5,per_head,1.0,add,-10.056329727172852,-9.825414657592773,-9.333063125610352,-10.05195140838623,,0.004378318786621094,2.274880886077881
1114819,768360,information_random_1,7,decoder_cross_attn,5,per_head,1.5,add,-10.056329727172852,-9.825414657592773,-9.333063125610352,-10.04934310913086,,0.0069866180419921875,2.274880886077881
1114819,768360,information_random_1,4,decoder_cross_attn,2,per_head,0.5,add,-10.056329727172852,-9.825414657592773,-9.333063125610352,-10.053257942199707,,0.0030717849731445312,1.0704455375671387
1114819,768360,information_random_1,4,decoder_cross_attn,2,per_head,1.0,add,-10.056329727172852,-9.825414657592773,-9.333063125610352,-10.050151824951172,,0.0061779022216796875,1.0704455375671387
1114819,768360,information_random_1,4,decoder_cross_attn,2,per_head,1.5,add,-10.056329727172852,-9.825414657592773,-9.333063125610352,-10.047022819519043,,0.009306907653808594,1.0704455375671387
1114819,768360,information_random_1,7,decoder_cross_attn,6,per_head,0.5,add,-10.056329727172852,-9.825414657592773,-9.333063125610352,-10.052059173583984,,0.0042705535888671875,1.165013313293457
1114819,768360,information_random_1,7,decoder_cross_attn,6,per_head,1.0,add,-10.056329727172852,-9.825414657592773,-9.333063125610352,-10.047781944274902,,0.008547782897949219,1.165013313293457
1114819,768360,information_random_1,7,decoder_cross_attn,6,per_head,1.5,add,-10.056329727172852,-9.825414657592773,-9.333063125610352,-10.043537139892578,,0.012792587280273438,1.165013313293457
1114819,768360,information_random_1,11,decoder_cross_attn,2,per_head,0.5,add,-10.056329727172852,-9.825414657592773,-9.333063125610352,-10.048881530761719,,0.0074481964111328125,2.1183841228485107
1114819,768360,information_random_1,11,decoder_cross_attn,2,per_head,1.0,add,-10.056329727172852,-9.825414657592773,-9.333063125610352,-10.041421890258789,,0.0149078369140625,2.1183841228485107
1114819,768360,information_random_1,11,decoder_cross_attn,2,per_head,1.5,add,-10.056329727172852,-9.825414657592773,-9.333063125610352,-10.033991813659668,,0.022337913513183594,2.1183841228485107
1114819,768360,information_random_1,5,decoder_cross_attn,7,per_head,0.5,add,-10.056329727172852,-9.825414657592773,-9.333063125610352,-10.050212860107422,,0.0061168670654296875,1.3838692903518677
1114819,768360,information_random_1,5,decoder_cross_attn,7,per_head,1.0,add,-10.056329727172852,-9.825414657592773,-9.333063125610352,-10.044083595275879,,0.012246131896972656,1.3838692903518677
1114819,768360,information_random_1,5,decoder_cross_attn,7,per_head,1.5,add,-10.056329727172852,-9.825414657592773,-9.333063125610352,-10.037954330444336,,0.018375396728515625,1.3838692903518677
1114819,768360,information_random_1,6,decoder_cross_attn,9,per_head,0.5,add,-10.056329727172852,-9.825414657592773,-9.333063125610352,-10.051899909973145,,0.004429817199707031,1.6831058263778687
1114819,768360,information_random_1,6,decoder_cross_attn,9,per_head,1.0,add,-10.056329727172852,-9.825414657592773,-9.333063125610352,-10.047547340393066,,0.008782386779785156,1.6831058263778687
1114819,768360,information_random_1,6,decoder_cross_attn,9,per_head,1.5,add,-10.056329727172852,-9.825414657592773,-9.333063125610352,-10.043170928955078,,0.013158798217773438,1.6831058263778687
1114819,768360,information_random_1,0,decoder_cross_attn,5,per_head,0.5,add,-10.056329727172852,-9.825414657592773,-9.333063125610352,-10.052485466003418,,0.0038442611694335938,0.8403618335723877
1114819,768360,information_random_1,0,decoder_cross_attn,5,per_head,1.0,add,-10.056329727172852,-9.825414657592773,-9.333063125610352,-10.048625946044922,,0.0077037811279296875,0.8403618335723877
1114819,768360,information_random_1,0,decoder_cross_attn,5,per_head,1.5,add,-10.056329727172852,-9.825414657592773,-9.333063125610352,-10.044734001159668,,0.011595726013183594,0.8403618335723877
1114819,768360,information_random_1,6,decoder_cross_attn,7,per_head,0.5,add,-10.056329727172852,-9.825414657592773,-9.333063125610352,-10.04561996459961,,0.010709762573242188,2.008059024810791
1114819,768360,information_random_1,6,decoder_cross_attn,7,per_head,1.0,add,-10.056329727172852,-9.825414657592773,-9.333063125610352,-10.034936904907227,,0.021392822265625,2.008059024810791
1114819,768360,information_random_1,6,decoder_cross_attn,7,per_head,1.5,add,-10.056329727172852,-9.825414657592773,-9.333063125610352,-10.0242280960083,,0.03210163116455078,2.008059024810791
264014,5781965,information_random_1,11,decoder_cross_attn,3,per_head,0.5,subtract,-3.077080249786377,-2.7833075523376465,-2.3253984451293945,-2.3459596633911133,0.02056121826171875,,4.913106441497803
264014,5781965,information_random_1,11,decoder_cross_attn,3,per_head,1.0,subtract,-3.077080249786377,-2.7833075523376465,-2.3253984451293945,-2.36653470993042,0.04113626480102539,,4.913106441497803
264014,5781965,information_random_1,11,decoder_cross_attn,3,per_head,1.5,subtract,-3.077080249786377,-2.7833075523376465,-2.3253984451293945,-2.3871212005615234,0.061722755432128906,,4.913106441497803
264014,5781965,information_random_1,11,decoder_cross_attn,6,per_head,0.5,subtract,-3.077080249786377,-2.7833075523376465,-2.3253984451293945,-2.339421033859253,0.014022588729858398,,3.656248092651367
264014,5781965,information_random_1,11,decoder_cross_attn,6,per_head,1.0,subtract,-3.077080249786377,-2.7833075523376465,-2.3253984451293945,-2.3534324169158936,0.028033971786499023,,3.656248092651367
264014,5781965,information_random_1,11,decoder_cross_attn,6,per_head,1.5,subtract,-3.077080249786377,-2.7833075523376465,-2.3253984451293945,-2.367434024810791,0.042035579681396484,,3.656248092651367
264014,5781965,information_random_1,11,decoder_cross_attn,11,per_head,0.5,subtract,-3.077080249786377,-2.7833075523376465,-2.3253984451293945,-2.3442535400390625,0.01885509490966797,,3.6226985454559326
264014,5781965,information_random_1,11,decoder_cross_attn,11,per_head,1.0,subtract,-3.077080249786377,-2.7833075523376465,-2.3253984451293945,-2.363104820251465,0.03770637512207031,,3.6226985454559326
264014,5781965,information_random_1,11,decoder_cross_attn,11,per_head,1.5,subtract,-3.077080249786377,-2.7833075523376465,-2.3253984451293945,-2.3819520473480225,0.05655360221862793,,3.6226985454559326
264014,5781965,information_random_1,11,decoder_cross_attn,0,per_head,0.5,subtract,-3.077080249786377,-2.7833075523376465,-2.3253984451293945,-2.3329877853393555,0.0075893402099609375,,2.1161696910858154
264014,5781965,information_random_1,11,decoder_cross_attn,0,per_head,1.0,subtract,-3.077080249786377,-2.7833075523376465,-2.3253984451293945,-2.3405754566192627,0.015177011489868164,,2.1161696910858154
264014,5781965,information_random_1,11,decoder_cross_attn,0,per_head,1.5,subtract,-3.077080249786377,-2.7833075523376465,-2.3253984451293945,-2.348161458969116,0.02276301383972168,,2.1161696910858154
264014,5781965,information_random_1,11,decoder_self_attn,3,per_head,0.5,subtract,-3.077080249786377,-2.7833075523376465,-2.3253984451293945,-2.3248229026794434,-0.0005755424499511719,,2.173255205154419
264014,5781965,information_random_1,11,decoder_self_attn,3,per_head,1.0,subtract,-3.077080249786377,-2.7833075523376465,-2.3253984451293945,-2.3242316246032715,-0.0011668205261230469,,2.173255205154419
264014,5781965,information_random_1,11,decoder_self_attn,3,per_head,1.5,subtract,-3.077080249786377,-2.7833075523376465,-2.3253984451293945,-2.32362699508667,-0.0017714500427246094,,2.173255205154419
264014,5781965,information_random_1,9,decoder_cross_attn,2,per_head,0.5,subtract,-3.077080249786377,-2.7833075523376465,-2.3253984451293945,-2.353635787963867,0.028237342834472656,,4.228691101074219
264014,5781965,information_random_1,9,decoder_cross_attn,2,per_head,1.0,subtract,-3.077080249786377,-2.7833075523376465,-2.3253984451293945,-2.3822247982025146,0.05682635307312012,,4.228691101074219
264014,5781965,information_random_1,9,decoder_cross_attn,2,per_head,1.5,subtract,-3.077080249786377,-2.7833075523376465,-2.3253984451293945,-2.4111225605010986,0.0857241153717041,,4.228691101074219
264014,5781965,information_random_1,10,decoder_cross_attn,0,per_head,0.5,subtract,-3.077080249786377,-2.7833075523376465,-2.3253984451293945,-2.342197895050049,0.016799449920654297,,12.12502384185791
264014,5781965,information_random_1,10,decoder_cross_attn,0,per_head,1.0,subtract,-3.077080249786377,-2.7833075523376465,-2.3253984451293945,-2.3571736812591553,0.03177523612976074,,12.12502384185791
264014,5781965,information_random_1,10,decoder_cross_attn,0,per_head,1.5,subtract,-3.077080249786377,-2.7833075523376465,-2.3253984451293945,-2.377579927444458,0.05218148231506348,,12.12502384185791
264014,5781965,information_random_1,10,decoder_cross_attn,3,per_head,0.5,subtract,-3.077080249786377,-2.7833075523376465,-2.3253984451293945,-2.3321666717529297,0.006768226623535156,,2.247756242752075
264014,5781965,information_random_1,10,decoder_cross_attn,3,per_head,1.0,subtract,-3.077080249786377,-2.7833075523376465,-2.3253984451293945,-2.338937997817993,0.013539552688598633,,2.247756242752075
264014,5781965,information_random_1,10,decoder_cross_attn,3,per_head,1.5,subtract,-3.077080249786377,-2.7833075523376465,-2.3253984451293945,-2.345712900161743,0.020314455032348633,,2.247756242752075
264014,5781965,information_random_1,8,decoder_cross_attn,7,per_head,0.5,subtract,-3.077080249786377,-2.7833075523376465,-2.3253984451293945,-2.358823776245117,0.033425331115722656,,2.599320650100708
264014,5781965,information_random_1,8,decoder_cross_attn,7,per_head,1.0,subtract,-3.077080249786377,-2.7833075523376465,-2.3253984451293945,-2.39237642288208,0.06697797775268555,,2.599320650100708
264014,5781965,information_random_1,8,decoder_cross_attn,7,per_head,1.5,subtract,-3.077080249786377,-2.7833075523376465,-2.3253984451293945,-2.425981044769287,0.10058259963989258,,2.599320650100708
264014,5781965,information_random_1,9,decoder_cross_attn,7,per_head,0.5,subtract,-3.077080249786377,-2.7833075523376465,-2.3253984451293945,-2.3372902870178223,0.011891841888427734,,3.426360607147217
264014,5781965,information_random_1,9,decoder_cross_attn,7,per_head,1.0,subtract,-3.077080249786377,-2.7833075523376465,-2.3253984451293945,-2.3492555618286133,0.02385711669921875,,3.426360607147217
264014,5781965,information_random_1,9,decoder_cross_attn,7,per_head,1.5,subtract,-3.077080249786377,-2.7833075523376465,-2.3253984451293945,-2.3612146377563477,0.035816192626953125,,3.426360607147217
264014,5781965,information_random_1,11,decoder_cross_attn,1,per_head,0.5,subtract,-3.077080249786377,-2.7833075523376465,-2.3253984451293945,-2.33060884475708,0.005210399627685547,,2.567375898361206
264014,5781965,information_random_1,11,decoder_cross_attn,1,per_head,1.0,subtract,-3.077080249786377,-2.7833075523376465,-2.3253984451293945,-2.3358161449432373,0.010417699813842773,,2.567375898361206
264014,5781965,information_random_1,11,decoder_cross_attn,1,per_head,1.5,subtract,-3.077080249786377,-2.7833075523376465,-2.3253984451293945,-2.3410184383392334,0.015619993209838867,,2.567375898361206
264014,5781965,information_random_1,8,decoder_cross_attn,0,per_head,0.5,subtract,-3.077080249786377,-2.7833075523376465,-2.3253984451293945,-2.3311057090759277,0.005707263946533203,,2.3537819385528564
264014,5781965,information_random_1,8,decoder_cross_attn,0,per_head,1.0,subtract,-3.077080249786377,-2.7833075523376465,-2.3253984451293945,-2.3368191719055176,0.011420726776123047,,2.3537819385528564
264014,5781965,information_random_1,8,decoder_cross_attn,0,per_head,1.5,subtract,-3.077080249786377,-2.7833075523376465,-2.3253984451293945,-2.342532157897949,0.017133712768554688,,2.3537819385528564
264014,5781965,information_random_1,7,decoder_cross_attn,3,per_head,0.5,subtract,-3.077080249786377,-2.7833075523376465,-2.3253984451293945,-2.3398776054382324,0.01447916030883789,,2.7912943363189697
264014,5781965,information_random_1,7,decoder_cross_attn,3,per_head,1.0,subtract,-3.077080249786377,-2.7833075523376465,-2.3253984451293945,-2.35435152053833,0.028953075408935547,,2.7912943363189697
264014,5781965,information_random_1,7,decoder_cross_attn,3,per_head,1.5,subtract,-3.077080249786377,-2.7833075523376465,-2.3253984451293945,-2.3689098358154297,0.043511390686035156,,2.7912943363189697
264014,5781965,information_random_1,10,decoder_cross_attn,6,per_head,0.5,subtract,-3.077080249786377,-2.7833075523376465,-2.3253984451293945,-2.330268383026123,0.004869937896728516,,1.9554365873336792
264014,5781965,information_random_1,10,decoder_cross_attn,6,per_head,1.0,subtract,-3.077080249786377,-2.7833075523376465,-2.3253984451293945,-2.3351855278015137,0.00978708267211914,,1.9554365873336792
264014,5781965,information_random_1,10,decoder_cross_attn,6,per_head,1.5,subtract,-3.077080249786377,-2.7833075523376465,-2.3253984451293945,-2.3401031494140625,0.014704704284667969,,1.9554365873336792
264014,5781965,information_random_1,7,decoder_cross_attn,5,per_head,0.5,subtract,-3.077080249786377,-2.7833075523376465,-2.3253984451293945,-2.331815242767334,0.006416797637939453,,2.274880886077881
264014,5781965,information_random_1,7,decoder_cross_attn,5,per_head,1.0,subtract,-3.077080249786377,-2.7833075523376465,-2.3253984451293945,-2.3382203578948975,0.01282191276550293,,2.274880886077881
264014,5781965,information_random_1,7,decoder_cross_attn,5,per_head,1.5,subtract,-3.077080249786377,-2.7833075523376465,-2.3253984451293945,-2.3446333408355713,0.019234895706176758,,2.274880886077881
264014,5781965,information_random_1,4,decoder_cross_attn,2,per_head,0.5,subtract,-3.077080249786377,-2.7833075523376465,-2.3253984451293945,-2.332974910736084,0.007576465606689453,,1.0704455375671387
264014,5781965,information_random_1,4,decoder_cross_attn,2,per_head,1.0,subtract,-3.077080249786377,-2.7833075523376465,-2.3253984451293945,-2.3406143188476562,0.015215873718261719,,1.0704455375671387
264014,5781965,information_random_1,4,decoder_cross_attn,2,per_head,1.5,subtract,-3.077080249786377,-2.7833075523376465,-2.3253984451293945,-2.3482282161712646,0.022829771041870117,,1.0704455375671387
264014,5781965,information_random_1,7,decoder_cross_attn,6,per_head,0.5,subtract,-3.077080249786377,-2.7833075523376465,-2.3253984451293945,-2.335676908493042,0.010278463363647461,,1.165013313293457
264014,5781965,information_random_1,7,decoder_cross_attn,6,per_head,1.0,subtract,-3.077080249786377,-2.7833075523376465,-2.3253984451293945,-2.3459887504577637,0.02059030532836914,,1.165013313293457
264014,5781965,information_random_1,7,decoder_cross_attn,6,per_head,1.5,subtract,-3.077080249786377,-2.7833075523376465,-2.3253984451293945,-2.3563122749328613,0.030913829803466797,,1.165013313293457
264014,5781965,information_random_1,11,decoder_cross_attn,2,per_head,0.5,subtract,-3.077080249786377,-2.7833075523376465,-2.3253984451293945,-2.333580493927002,0.008182048797607422,,2.1183841228485107
264014,5781965,information_random_1,11,decoder_cross_attn,2,per_head,1.0,subtract,-3.077080249786377,-2.7833075523376465,-2.3253984451293945,-2.34175705909729,0.016358613967895508,,2.1183841228485107
264014,5781965,information_random_1,11,decoder_cross_attn,2,per_head,1.5,subtract,-3.077080249786377,-2.7833075523376465,-2.3253984451293945,-2.34993052482605,0.024532079696655273,,2.1183841228485107
264014,5781965,information_random_1,5,decoder_cross_attn,7,per_head,0.5,subtract,-3.077080249786377,-2.7833075523376465,-2.3253984451293945,-2.336052417755127,0.010653972625732422,,1.3838692903518677
264014,5781965,information_random_1,5,decoder_cross_attn,7,per_head,1.0,subtract,-3.077080249786377,-2.7833075523376465,-2.3253984451293945,-2.3467154502868652,0.021317005157470703,,1.3838692903518677
264014,5781965,information_random_1,5,decoder_cross_attn,7,per_head,1.5,subtract,-3.077080249786377,-2.7833075523376465,-2.3253984451293945,-2.3573813438415527,0.0319828987121582,,1.3838692903518677
264014,5781965,information_random_1,6,decoder_cross_attn,9,per_head,0.5,subtract,-3.077080249786377,-2.7833075523376465,-2.3253984451293945,-2.331069231033325,0.005670785903930664,,1.6831058263778687
264014,5781965,information_random_1,6,decoder_cross_attn,9,per_head,1.0,subtract,-3.077080249786377,-2.7833075523376465,-2.3253984451293945,-2.3367927074432373,0.011394262313842773,,1.6831058263778687
264014,5781965,information_random_1,6,decoder_cross_attn,9,per_head,1.5,subtract,-3.077080249786377,-2.7833075523376465,-2.3253984451293945,-2.3425333499908447,0.017134904861450195,,1.6831058263778687
264014,5781965,information_random_1,0,decoder_cross_attn,5,per_head,0.5,subtract,-3.077080249786377,-2.7833075523376465,-2.3253984451293945,-2.331709861755371,0.0063114166259765625,,0.8403618335723877
264014,5781965,information_random_1,0,decoder_cross_attn,5,per_head,1.0,subtract,-3.077080249786377,-2.7833075523376465,-2.3253984451293945,-2.337953567504883,0.012555122375488281,,0.8403618335723877
264014,5781965,information_random_1,0,decoder_cross_attn,5,per_head,1.5,subtract,-3.077080249786377,-2.7833075523376465,-2.3253984451293945,-2.344302177429199,0.018903732299804688,,0.8403618335723877
264014,5781965,information_random_1,6,decoder_cross_attn,7,per_head,0.5,subtract,-3.077080249786377,-2.7833075523376465,-2.3253984451293945,-2.346846580505371,0.021448135375976562,,2.008059024810791
264014,5781965,information_random_1,6,decoder_cross_attn,7,per_head,1.0,subtract,-3.077080249786377,-2.7833075523376465,-2.3253984451293945,-2.368351697921753,0.0429532527923584,,2.008059024810791
264014,5781965,information_random_1,6,decoder_cross_attn,7,per_head,1.5,subtract,-3.077080249786377,-2.7833075523376465,-2.3253984451293945,-2.389859199523926,0.06446075439453125,,2.008059024810791
264014,5781965,information_random_1,11,decoder_cross_attn,3,per_head,0.5,add,-3.077080249786377,-2.7833075523376465,-2.3253984451293945,-3.055541753768921,,0.021538496017456055,4.913106441497803
264014,5781965,information_random_1,11,decoder_cross_attn,3,per_head,1.0,add,-3.077080249786377,-2.7833075523376465,-2.3253984451293945,-3.034005880355835,,0.04307436943054199,4.913106441497803
264014,5781965,information_random_1,11,decoder_cross_attn,3,per_head,1.5,add,-3.077080249786377,-2.7833075523376465,-2.3253984451293945,-3.012462615966797,,0.06461763381958008,4.913106441497803
264014,5781965,information_random_1,11,decoder_cross_attn,6,per_head,0.5,add,-3.077080249786377,-2.7833075523376465,-2.3253984451293945,-3.062615394592285,,0.014464855194091797,3.656248092651367
264014,5781965,information_random_1,11,decoder_cross_attn,6,per_head,1.0,add,-3.077080249786377,-2.7833075523376465,-2.3253984451293945,-3.0481340885162354,,0.0289461612701416,3.656248092651367
264014,5781965,information_random_1,11,decoder_cross_attn,6,per_head,1.5,add,-3.077080249786377,-2.7833075523376465,-2.3253984451293945,-3.033639669418335,,0.04344058036804199,3.656248092651367
264014,5781965,information_random_1,11,decoder_cross_attn,11,per_head,0.5,add,-3.077080249786377,-2.7833075523376465,-2.3253984451293945,-3.0569076538085938,,0.020172595977783203,3.6226985454559326
264014,5781965,information_random_1,11,decoder_cross_attn,11,per_head,1.0,add,-3.077080249786377,-2.7833075523376465,-2.3253984451293945,-3.0367770195007324,,0.04030323028564453,3.6226985454559326
264014,5781965,information_random_1,11,decoder_cross_attn,11,per_head,1.5,add,-3.077080249786377,-2.7833075523376465,-2.3253984451293945,-3.0166404247283936,,0.0604398250579834,3.6226985454559326
264014,5781965,information_random_1,11,decoder_cross_attn,0,per_head,0.5,add,-3.077080249786377,-2.7833075523376465,-2.3253984451293945,-3.0687873363494873,,0.008292913436889648,2.1161696910858154
264014,5781965,information_random_1,11,decoder_cross_attn,0,per_head,1.0,add,-3.077080249786377,-2.7833075523376465,-2.3253984451293945,-3.0605387687683105,,0.016541481018066406,2.1161696910858154
264014,5781965,information_random_1,11,decoder_cross_attn,0,per_head,1.5,add,-3.077080249786377,-2.7833075523376465,-2.3253984451293945,-3.052285671234131,,0.024794578552246094,2.1161696910858154
264014,5781965,information_random_1,11,decoder_self_attn,3,per_head,0.5,add,-3.077080249786377,-2.7833075523376465,-2.3253984451293945,-3.0771234035491943,,-4.315376281738281e-05,2.173255205154419
264014,5781965,information_random_1,11,decoder_self_attn,3,per_head,1.0,add,-3.077080249786377,-2.7833075523376465,-2.3253984451293945,-3.077153205871582,,-7.295608520507812e-05,2.173255205154419
264014,5781965,information_random_1,11,decoder_self_attn,3,per_head,1.5,add,-3.077080249786377,-2.7833075523376465,-2.3253984451293945,-3.0772485733032227,,-0.00016832351684570312,2.173255205154419
264014,5781965,information_random_1,9,decoder_cross_attn,2,per_head,0.5,add,-3.077080249786377,-2.7833075523376465,-2.3253984451293945,-3.0396132469177246,,0.037467002868652344,4.228691101074219
264014,5781965,information_random_1,9,decoder_cross_attn,2,per_head,1.0,add,-3.077080249786377,-2.7833075523376465,-2.3253984451293945,-3.003634214401245,,0.07344603538513184,4.228691101074219
264014,5781965,information_random_1,9,decoder_cross_attn,2,per_head,1.5,add,-3.077080249786377,-2.7833075523376465,-2.3253984451293945,-2.96842622756958,,0.10865402221679688,4.228691101074219
264014,5781965,information_random_1,10,decoder_cross_attn,0,per_head,0.5,add,-3.077080249786377,-2.7833075523376465,-2.3253984451293945,-3.047743558883667,,0.02933669090270996,12.12502384185791
264014,5781965,information_random_1,10,decoder_cross_attn,0,per_head,1.0,add,-3.077080249786377,-2.7833075523376465,-2.3253984451293945,-3.020968198776245,,0.056112051010131836,12.12502384185791
264014,5781965,information_random_1,10,decoder_cross_attn,0,per_head,1.5,add,-3.077080249786377,-2.7833075523376465,-2.3253984451293945,-3.0016283988952637,,0.07545185089111328,12.12502384185791
264014,5781965,information_random_1,10,decoder_cross_attn,3,per_head,0.5,add,-3.077080249786377,-2.7833075523376465,-2.3253984451293945,-3.069760799407959,,0.007319450378417969,2.247756242752075
264014,5781965,information_random_1,10,decoder_cross_attn,3,per_head,1.0,add,-3.077080249786377,-2.7833075523376465,-2.3253984451293945,-3.0624849796295166,,0.014595270156860352,2.247756242752075
264014,5781965,information_random_1,10,decoder_cross_attn,3,per_head,1.5,add,-3.077080249786377,-2.7833075523376465,-2.3253984451293945,-3.0552144050598145,,0.0218658447265625,2.247756242752075
264014,5781965,information_random_1,8,decoder_cross_attn,7,per_head,0.5,add,-3.077080249786377,-2.7833075523376465,-2.3253984451293945,-3.0353333950042725,,0.04174685478210449,2.599320650100708
264014,5781965,information_random_1,8,decoder_cross_attn,7,per_head,1.0,add,-3.077080249786377,-2.7833075523376465,-2.3253984451293945,-2.994683027267456,,0.0823972225189209,2.599320650100708
264014,5781965,information_random_1,8,decoder_cross_attn,7,per_head,1.5,add,-3.077080249786377,-2.7833075523376465,-2.3253984451293945,-2.954573154449463,,0.12250709533691406,2.599320650100708
264014,5781965,information_random_1,9,decoder_cross_attn,7,per_head,0.5,add,-3.077080249786377,-2.7833075523376465,-2.3253984451293945,-3.060678720474243,,0.01640152931213379,3.426360607147217
264014,5781965,information_random_1,9,decoder_cross_attn,7,per_head,1.0,add,-3.077080249786377,-2.7833075523376465,-2.3253984451293945,-3.0448780059814453,,0.03220224380493164,3.426360607147217
264014,5781965,information_random_1,9,decoder_cross_attn,7,per_head,1.5,add,-3.077080249786377,-2.7833075523376465,-2.3253984451293945,-3.029299259185791,,0.04778099060058594,3.426360607147217
264014,5781965,information_random_1,11,decoder_cross_attn,1,per_head,0.5,add,-3.077080249786377,-2.7833075523376465,-2.3253984451293945,-3.071514129638672,,0.005566120147705078,2.567375898361206
264014,5781965,information_random_1,11,decoder_cross_attn,1,per_head,1.0,add,-3.077080249786377,-2.7833075523376465,-2.3253984451293945,-3.0659918785095215,,0.011088371276855469,2.567375898361206
264014,5781965,information_random_1,11,decoder_cross_attn,1,per_head,1.5,add,-3.077080249786377,-2.7833075523376465,-2.3253984451293945,-3.06046199798584,,0.01661825180053711,2.567375898361206
264014,5781965,information_random_1,8,decoder_cross_attn,0,per_head,0.5,add,-3.077080249786377,-2.7833075523376465,-2.3253984451293945,-3.068563461303711,,0.008516788482666016,2.3537819385528564
264014,5781965,information_random_1,8,decoder_cross_attn,0,per_head,1.0,add,-3.077080249786377,-2.7833075523376465,-2.3253984451293945,-3.0600860118865967,,0.016994237899780273,2.3537819385528564
264014,5781965,information_random_1,8,decoder_cross_attn,0,per_head,1.5,add,-3.077080249786377,-2.7833075523376465,-2.3253984451293945,-3.051630973815918,,0.025449275970458984,2.3537819385528564
264014,5781965,information_random_1,7,decoder_cross_attn,3,per_head,0.5,add,-3.077080249786377,-2.7833075523376465,-2.3253984451293945,-3.058320999145508,,0.01875925064086914,2.7912943363189697
264014,5781965,information_random_1,7,decoder_cross_attn,3,per_head,1.0,add,-3.077080249786377,-2.7833075523376465,-2.3253984451293945,-3.0395419597625732,,0.03753829002380371,2.7912943363189697
264014,5781965,information_random_1,7,decoder_cross_attn,3,per_head,1.5,add,-3.077080249786377,-2.7833075523376465,-2.3253984451293945,-3.021144390106201,,0.05593585968017578,2.7912943363189697
264014,5781965,information_random_1,10,decoder_cross_attn,6,per_head,0.5,add,-3.077080249786377,-2.7833075523376465,-2.3253984451293945,-3.0717790126800537,,0.005301237106323242,1.9554365873336792
264014,5781965,information_random_1,10,decoder_cross_attn,6,per_head,1.0,add,-3.077080249786377,-2.7833075523376465,-2.3253984451293945,-3.066479206085205,,0.010601043701171875,1.9554365873336792
264014,5781965,information_random_1,10,decoder_cross_attn,6,per_head,1.5,add,-3.077080249786377,-2.7833075523376465,-2.3253984451293945,-3.06117582321167,,0.01590442657470703,1.9554365873336792
264014,5781965,information_random_1,7,decoder_cross_attn,5,per_head,0.5,add,-3.077080249786377,-2.7833075523376465,-2.3253984451293945,-3.067537784576416,,0.009542465209960938,2.274880886077881
264014,5781965,information_random_1,7,decoder_cross_attn,5,per_head,1.0,add,-3.077080249786377,-2.7833075523376465,-2.3253984451293945,-3.058420181274414,,0.01866006851196289,2.274880886077881
264014,5781965,information_random_1,7,decoder_cross_attn,5,per_head,1.5,add,-3.077080249786377,-2.7833075523376465,-2.3253984451293945,-3.0494766235351562,,0.027603626251220703,2.274880886077881
264014,5781965,information_random_1,4,decoder_cross_attn,2,per_head,0.5,add,-3.077080249786377,-2.7833075523376465,-2.3253984451293945,-3.067347526550293,,0.009732723236083984,1.0704455375671387
264014,5781965,information_random_1,4,decoder_cross_attn,2,per_head,1.0,add,-3.077080249786377,-2.7833075523376465,-2.3253984451293945,-3.05766224861145,,0.019418001174926758,1.0704455375671387
264014,5781965,information_random_1,4,decoder_cross_attn,2,per_head,1.5,add,-3.077080249786377,-2.7833075523376465,-2.3253984451293945,-3.0479917526245117,,0.029088497161865234,1.0704455375671387
264014,5781965,information_random_1,7,decoder_cross_attn,6,per_head,0.5,add,-3.077080249786377,-2.7833075523376465,-2.3253984451293945,-3.064025640487671,,0.013054609298706055,1.165013313293457
264014,5781965,information_random_1,7,decoder_cross_attn,6,per_head,1.0,add,-3.077080249786377,-2.7833075523376465,-2.3253984451293945,-3.051034450531006,,0.026045799255371094,1.165013313293457
264014,5781965,information_random_1,7,decoder_cross_attn,6,per_head,1.5,add,-3.077080249786377,-2.7833075523376465,-2.3253984451293945,-3.0381743907928467,,0.03890585899353027,1.165013313293457
264014,5781965,information_random_1,11,decoder_cross_attn,2,per_head,0.5,add,-3.077080249786377,-2.7833075523376465,-2.3253984451293945,-3.068594455718994,,0.008485794067382812,2.1183841228485107
264014,5781965,information_random_1,11,decoder_cross_attn,2,per_head,1.0,add,-3.077080249786377,-2.7833075523376465,-2.3253984451293945,-3.0601019859313965,,0.01697826385498047,2.1183841228485107
264014,5781965,information_random_1,11,decoder_cross_attn,2,per_head,1.5,add,-3.077080249786377,-2.7833075523376465,-2.3253984451293945,-3.051605463027954,,0.02547478675842285,2.1183841228485107
264014,5781965,information_random_1,5,decoder_cross_attn,7,per_head,0.5,add,-3.077080249786377,-2.7833075523376465,-2.3253984451293945,-3.0632054805755615,,0.01387476921081543,1.3838692903518677
264014,5781965,information_random_1,5,decoder_cross_attn,7,per_head,1.0,add,-3.077080249786377,-2.7833075523376465,-2.3253984451293945,-3.049373149871826,,0.02770709991455078,1.3838692903518677
264014,5781965,information_random_1,5,decoder_cross_attn,7,per_head,1.5,add,-3.077080249786377,-2.7833075523376465,-2.3253984451293945,-3.0356552600860596,,0.04142498970031738,1.3838692903518677
264014,5781965,information_random_1,6,decoder_cross_attn,9,per_head,0.5,add,-3.077080249786377,-2.7833075523376465,-2.3253984451293945,-3.069580554962158,,0.00749969482421875,1.6831058263778687
264014,5781965,information_random_1,6,decoder_cross_attn,9,per_head,1.0,add,-3.077080249786377,-2.7833075523376465,-2.3253984451293945,-3.0618255138397217,,0.015254735946655273,1.6831058263778687
264014,5781965,information_random_1,6,decoder_cross_attn,9,per_head,1.5,add,-3.077080249786377,-2.7833075523376465,-2.3253984451293945,-3.0540895462036133,,0.022990703582763672,1.6831058263778687
264014,5781965,information_random_1,0,decoder_cross_attn,5,per_head,0.5,add,-3.077080249786377,-2.7833075523376465,-2.3253984451293945,-3.068917751312256,,0.008162498474121094,0.8403618335723877
264014,5781965,information_random_1,0,decoder_cross_attn,5,per_head,1.0,add,-3.077080249786377,-2.7833075523376465,-2.3253984451293945,-3.0607895851135254,,0.016290664672851562,0.8403618335723877
264014,5781965,information_random_1,0,decoder_cross_attn,5,per_head,1.5,add,-3.077080249786377,-2.7833075523376465,-2.3253984451293945,-3.05269718170166,,0.024383068084716797,0.8403618335723877
264014,5781965,information_random_1,6,decoder_cross_attn,7,per_head,0.5,add,-3.077080249786377,-2.7833075523376465,-2.3253984451293945,-3.049103260040283,,0.02797698974609375,2.008059024810791
264014,5781965,information_random_1,6,decoder_cross_attn,7,per_head,1.0,add,-3.077080249786377,-2.7833075523376465,-2.3253984451293945,-3.021688938140869,,0.05539131164550781,2.008059024810791
264014,5781965,information_random_1,6,decoder_cross_attn,7,per_head,1.5,add,-3.077080249786377,-2.7833075523376465,-2.3253984451293945,-2.9946794509887695,,0.08240079879760742,2.008059024810791
47923,7946829,information_random_1,11,decoder_cross_attn,3,per_head,0.5,subtract,-6.21943473815918,-6.251865386962891,-5.85023307800293,-5.872636795043945,0.022403717041015625,,4.913106441497803
47923,7946829,information_random_1,11,decoder_cross_attn,3,per_head,1.0,subtract,-6.21943473815918,-6.251865386962891,-5.85023307800293,-5.89500617980957,0.044773101806640625,,4.913106441497803
47923,7946829,information_random_1,11,decoder_cross_attn,3,per_head,1.5,subtract,-6.21943473815918,-6.251865386962891,-5.85023307800293,-5.917346000671387,0.06711292266845703,,4.913106441497803
47923,7946829,information_random_1,11,decoder_cross_attn,6,per_head,0.5,subtract,-6.21943473815918,-6.251865386962891,-5.85023307800293,-5.864290237426758,0.014057159423828125,,3.656248092651367
47923,7946829,information_random_1,11,decoder_cross_attn,6,per_head,1.0,subtract,-6.21943473815918,-6.251865386962891,-5.85023307800293,-5.878323554992676,0.028090476989746094,,3.656248092651367
47923,7946829,information_random_1,11,decoder_cross_attn,6,per_head,1.5,subtract,-6.21943473815918,-6.251865386962891,-5.85023307800293,-5.892333984375,0.04210090637207031,,3.656248092651367
47923,7946829,information_random_1,11,decoder_cross_attn,11,per_head,0.5,subtract,-6.21943473815918,-6.251865386962891,-5.85023307800293,-5.869907379150391,0.019674301147460938,,3.6226985454559326
47923,7946829,information_random_1,11,decoder_cross_attn,11,per_head,1.0,subtract,-6.21943473815918,-6.251865386962891,-5.85023307800293,-5.889558792114258,0.039325714111328125,,3.6226985454559326
47923,7946829,information_random_1,11,decoder_cross_attn,11,per_head,1.5,subtract,-6.21943473815918,-6.251865386962891,-5.85023307800293,-5.909183502197266,0.05895042419433594,,3.6226985454559326
47923,7946829,information_random_1,11,decoder_cross_attn,0,per_head,0.5,subtract,-6.21943473815918,-6.251865386962891,-5.85023307800293,-5.859160423278809,0.008927345275878906,,2.1161696910858154
47923,7946829,information_random_1,11,decoder_cross_attn,0,per_head,1.0,subtract,-6.21943473815918,-6.251865386962891,-5.85023307800293,-5.868078231811523,0.01784515380859375,,2.1161696910858154
47923,7946829,information_random_1,11,decoder_cross_attn,0,per_head,1.5,subtract,-6.21943473815918,-6.251865386962891,-5.85023307800293,-5.876995086669922,0.026762008666992188,,2.1161696910858154
47923,7946829,information_random_1,11,decoder_self_attn,3,per_head,0.5,subtract,-6.21943473815918,-6.251865386962891,-5.85023307800293,-5.849830627441406,-0.0004024505615234375,,2.173255205154419
47923,7946829,information_random_1,11,decoder_self_attn,3,per_head,1.0,subtract,-6.21943473815918,-6.251865386962891,-5.85023307800293,-5.8494157791137695,-0.0008172988891601562,,2.173255205154419
47923,7946829,information_random_1,11,decoder_self_attn,3,per_head,1.5,subtract,-6.21943473815918,-6.251865386962891,-5.85023307800293,-5.848995208740234,-0.0012378692626953125,,2.173255205154419
47923,7946829,information_random_1,9,decoder_cross_attn,2,per_head,0.5,subtract,-6.21943473815918,-6.251865386962891,-5.85023307800293,-5.870165824890137,0.01993274688720703,,4.228691101074219
47923,7946829,information_random_1,9,decoder_cross_attn,2,per_head,1.0,subtract,-6.21943473815918,-6.251865386962891,-5.85023307800293,-5.890018463134766,0.03978538513183594,,4.228691101074219
47923,7946829,information_random_1,9,decoder_cross_attn,2,per_head,1.5,subtract,-6.21943473815918,-6.251865386962891,-5.85023307800293,-5.909592628479004,0.05935955047607422,,4.228691101074219
47923,7946829,information_random_1,10,decoder_cross_attn,0,per_head,0.5,subtract,-6.21943473815918,-6.251865386962891,-5.85023307800293,-5.838046073913574,-0.012187004089355469,,12.12502384185791
47923,7946829,information_random_1,10,decoder_cross_attn,0,per_head,1.0,subtract,-6.21943473815918,-6.251865386962891,-5.85023307800293,-5.8240156173706055,-0.02621746063232422,,12.12502384185791
47923,7946829,information_random_1,10,decoder_cross_attn,0,per_head,1.5,subtract,-6.21943473815918,-6.251865386962891,-5.85023307800293,-5.816648483276367,-0.0335845947265625,,12.12502384185791
47923,7946829,information_random_1,10,decoder_cross_attn,3,per_head,0.5,subtract,-6.21943473815918,-6.251865386962891,-5.85023307800293,-5.856302261352539,0.006069183349609375,,2.247756242752075
47923,7946829,information_random_1,10,decoder_cross_attn,3,per_head,1.0,subtract,-6.21943473815918,-6.251865386962891,-5.85023307800293,-5.862382888793945,0.012149810791015625,,2.247756242752075
47923,7946829,information_random_1,10,decoder_cross_attn,3,per_head,1.5,subtract,-6.21943473815918,-6.251865386962891,-5.85023307800293,-5.868456840515137,0.01822376251220703,,2.247756242752075
47923,7946829,information_random_1,8,decoder_cross_attn,7,per_head,0.5,subtract,-6.21943473815918,-6.251865386962891,-5.85023307800293,-5.8727006912231445,0.022467613220214844,,2.599320650100708
47923,7946829,information_random_1,8,decoder_cross_attn,7,per_head,1.0,subtract,-6.21943473815918,-6.251865386962891,-5.85023307800293,-5.895135879516602,0.044902801513671875,,2.599320650100708
47923,7946829,information_random_1,8,decoder_cross_attn,7,per_head,1.5,subtract,-6.21943473815918,-6.251865386962891,-5.85023307800293,-5.917444229125977,0.06721115112304688,,2.599320650100708
47923,7946829,information_random_1,9,decoder_cross_attn,7,per_head,0.5,subtract,-6.21943473815918,-6.251865386962891,-5.85023307800293,-5.857909202575684,0.007676124572753906,,3.426360607147217
47923,7946829,information_random_1,9,decoder_cross_attn,7,per_head,1.0,subtract,-6.21943473815918,-6.251865386962891,-5.85023307800293,-5.865567207336426,0.015334129333496094,,3.426360607147217
47923,7946829,information_random_1,9,decoder_cross_attn,7,per_head,1.5,subtract,-6.21943473815918,-6.251865386962891,-5.85023307800293,-5.873212814331055,0.022979736328125,,3.426360607147217
47923,7946829,information_random_1,11,decoder_cross_attn,1,per_head,0.5,subtract,-6.21943473815918,-6.251865386962891,-5.85023307800293,-5.855953216552734,0.0057201385498046875,,2.567375898361206
47923,7946829,information_random_1,11,decoder_cross_attn,1,per_head,1.0,subtract,-6.21943473815918,-6.251865386962891,-5.85023307800293,-5.861663818359375,0.011430740356445312,,2.567375898361206
47923,7946829,information_random_1,11,decoder_cross_attn,1,per_head,1.5,subtract,-6.21943473815918,-6.251865386962891,-5.85023307800293,-5.867361068725586,0.01712799072265625,,2.567375898361206
47923,7946829,information_random_1,8,decoder_cross_attn,0,per_head,0.5,subtract,-6.21943473815918,-6.251865386962891,-5.85023307800293,-5.853346824645996,0.0031137466430664062,,2.3537819385528564
47923,7946829,information_random_1,8,decoder_cross_attn,0,per_head,1.0,subtract,-6.21943473815918,-6.251865386962891,-5.85023307800293,-5.8564453125,0.0062122344970703125,,2.3537819385528564
47923,7946829,information_random_1,8,decoder_cross_attn,0,per_head,1.5,subtract,-6.21943473815918,-6.251865386962891,-5.85023307800293,-5.859529495239258,0.009296417236328125,,2.3537819385528564
47923,7946829,information_random_1,7,decoder_cross_attn,3,per_head,0.5,subtract,-6.21943473815918,-6.251865386962891,-5.85023307800293,-5.864006996154785,0.013773918151855469,,2.7912943363189697
47923,7946829,information_random_1,7,decoder_cross_attn,3,per_head,1.0,subtract,-6.21943473815918,-6.251865386962891,-5.85023307800293,-5.87777042388916,0.02753734588623047,,2.7912943363189697
47923,7946829,information_random_1,7,decoder_cross_attn,3,per_head,1.5,subtract,-6.21943473815918,-6.251865386962891,-5.85023307800293,-5.891509056091309,0.041275978088378906,,2.7912943363189697
47923,7946829,information_random_1,10,decoder_cross_attn,6,per_head,0.5,subtract,-6.21943473815918,-6.251865386962891,-5.85023307800293,-5.856046676635742,0.0058135986328125,,1.9554365873336792
47923,7946829,information_random_1,10,decoder_cross_attn,6,per_head,1.0,subtract,-6.21943473815918,-6.251865386962891,-5.85023307800293,-5.861858367919922,0.011625289916992188,,1.9554365873336792
47923,7946829,information_random_1,10,decoder_cross_attn,6,per_head,1.5,subtract,-6.21943473815918,-6.251865386962891,-5.85023307800293,-5.867672920227051,0.017439842224121094,,1.9554365873336792
47923,7946829,information_random_1,7,decoder_cross_attn,5,per_head,0.5,subtract,-6.21943473815918,-6.251865386962891,-5.85023307800293,-5.853707313537598,0.0034742355346679688,,2.274880886077881
47923,7946829,information_random_1,7,decoder_cross_attn,5,per_head,1.0,subtract,-6.21943473815918,-6.251865386962891,-5.85023307800293,-5.857173919677734,0.0069408416748046875,,2.274880886077881
47923,7946829,information_random_1,7,decoder_cross_attn,5,per_head,1.5,subtract,-6.21943473815918,-6.251865386962891,-5.85023307800293,-5.860685348510742,0.0104522705078125,,2.274880886077881
47923,7946829,information_random_1,4,decoder_cross_attn,2,per_head,0.5,subtract,-6.21943473815918,-6.251865386962891,-5.85023307800293,-5.855170249938965,0.004937171936035156,,1.0704455375671387
47923,7946829,information_random_1,4,decoder_cross_attn,2,per_head,1.0,subtract,-6.21943473815918,-6.251865386962891,-5.85023307800293,-5.860101699829102,0.009868621826171875,,1.0704455375671387
47923,7946829,information_random_1,4,decoder_cross_attn,2,per_head,1.5,subtract,-6.21943473815918,-6.251865386962891,-5.85023307800293,-5.86505126953125,0.014818191528320312,,1.0704455375671387
47923,7946829,information_random_1,7,decoder_cross_attn,6,per_head,0.5,subtract,-6.21943473815918,-6.251865386962891,-5.85023307800293,-5.856549263000488,0.006316184997558594,,1.165013313293457
47923,7946829,information_random_1,7,decoder_cross_attn,6,per_head,1.0,subtract,-6.21943473815918,-6.251865386962891,-5.85023307800293,-5.862852096557617,0.0126190185546875,,1.165013313293457
47923,7946829,information_random_1,7,decoder_cross_attn,6,per_head,1.5,subtract,-6.21943473815918,-6.251865386962891,-5.85023307800293,-5.869134902954102,0.018901824951171875,,1.165013313293457
47923,7946829,information_random_1,11,decoder_cross_attn,2,per_head,0.5,subtract,-6.21943473815918,-6.251865386962891,-5.85023307800293,-5.858648300170898,0.00841522216796875,,2.1183841228485107
47923,7946829,information_random_1,11,decoder_cross_attn,2,per_head,1.0,subtract,-6.21943473815918,-6.251865386962891,-5.85023307800293,-5.867055892944336,0.01682281494140625,,2.1183841228485107
47923,7946829,information_random_1,11,decoder_cross_attn,2,per_head,1.5,subtract,-6.21943473815918,-6.251865386962891,-5.85023307800293,-5.875452041625977,0.025218963623046875,,2.1183841228485107
47923,7946829,information_random_1,5,decoder_cross_attn,7,per_head,0.5,subtract,-6.21943473815918,-6.251865386962891,-5.85023307800293,-5.857418060302734,0.0071849822998046875,,1.3838692903518677
47923,7946829,information_random_1,5,decoder_cross_attn,7,per_head,1.0,subtract,-6.21943473815918,-6.251865386962891,-5.85023307800293,-5.864588737487793,0.014355659484863281,,1.3838692903518677
47923,7946829,information_random_1,5,decoder_cross_attn,7,per_head,1.5,subtract,-6.21943473815918,-6.251865386962891,-5.85023307800293,-5.871744155883789,0.021511077880859375,,1.3838692903518677
47923,7946829,information_random_1,6,decoder_cross_attn,9,per_head,0.5,subtract,-6.21943473815918,-6.251865386962891,-5.85023307800293,-5.855563163757324,0.005330085754394531,,1.6831058263778687
47923,7946829,information_random_1,6,decoder_cross_attn,9,per_head,1.0,subtract,-6.21943473815918,-6.251865386962891,-5.85023307800293,-5.860858917236328,0.010625839233398438,,1.6831058263778687
47923,7946829,information_random_1,6,decoder_cross_attn,9,per_head,1.5,subtract,-6.21943473815918,-6.251865386962891,-5.85023307800293,-5.866117477416992,0.0158843994140625,,1.6831058263778687
47923,7946829,information_random_1,0,decoder_cross_attn,5,per_head,0.5,subtract,-6.21943473815918,-6.251865386962891,-5.85023307800293,-5.854308128356934,0.004075050354003906,,0.8403618335723877
47923,7946829,information_random_1,0,decoder_cross_attn,5,per_head,1.0,subtract,-6.21943473815918,-6.251865386962891,-5.85023307800293,-5.858377456665039,0.008144378662109375,,0.8403618335723877
47923,7946829,information_random_1,0,decoder_cross_attn,5,per_head,1.5,subtract,-6.21943473815918,-6.251865386962891,-5.85023307800293,-5.862476348876953,0.012243270874023438,,0.8403618335723877
47923,7946829,information_random_1,6,decoder_cross_attn,7,per_head,0.5,subtract,-6.21943473815918,-6.251865386962891,-5.85023307800293,-5.864068031311035,0.013834953308105469,,2.008059024810791
47923,7946829,information_random_1,6,decoder_cross_attn,7,per_head,1.0,subtract,-6.21943473815918,-6.251865386962891,-5.85023307800293,-5.877991676330566,0.02775859832763672,,2.008059024810791
47923,7946829,information_random_1,6,decoder_cross_attn,7,per_head,1.5,subtract,-6.21943473815918,-6.251865386962891,-5.85023307800293,-5.891877174377441,0.04164409637451172,,2.008059024810791
47923,7946829,information_random_1,11,decoder_cross_attn,3,per_head,0.5,add,-6.21943473815918,-6.251865386962891,-5.85023307800293,-6.197549819946289,,0.021884918212890625,4.913106441497803
47923,7946829,information_random_1,11,decoder_cross_attn,3,per_head,1.0,add,-6.21943473815918,-6.251865386962891,-5.85023307800293,-6.175629615783691,,0.04380512237548828,4.913106441497803
47923,7946829,information_random_1,11,decoder_cross_attn,3,per_head,1.5,add,-6.21943473815918,-6.251865386962891,-5.85023307800293,-6.153678894042969,,0.06575584411621094,4.913106441497803
47923,7946829,information_random_1,11,decoder_cross_attn,6,per_head,0.5,add,-6.21943473815918,-6.251865386962891,-5.85023307800293,-6.205533981323242,,0.0139007568359375,3.656248092651367
47923,7946829,information_random_1,11,decoder_cross_attn,6,per_head,1.0,add,-6.21943473815918,-6.251865386962891,-5.85023307800293,-6.191612243652344,,0.027822494506835938,3.656248092651367
47923,7946829,information_random_1,11,decoder_cross_attn,6,per_head,1.5,add,-6.21943473815918,-6.251865386962891,-5.85023307800293,-6.177661895751953,,0.04177284240722656,3.656248092651367
47923,7946829,information_random_1,11,decoder_cross_attn,11,per_head,0.5,add,-6.21943473815918,-6.251865386962891,-5.85023307800293,-6.200011253356934,,0.019423484802246094,3.6226985454559326
47923,7946829,information_random_1,11,decoder_cross_attn,11,per_head,1.0,add,-6.21943473815918,-6.251865386962891,-5.85023307800293,-6.180560111999512,,0.03887462615966797,3.6226985454559326
47923,7946829,information_random_1,11,decoder_cross_attn,11,per_head,1.5,add,-6.21943473815918,-6.251865386962891,-5.85023307800293,-6.161101341247559,,0.058333396911621094,3.6226985454559326
47923,7946829,information_random_1,11,decoder_cross_attn,0,per_head,0.5,add,-6.21943473815918,-6.251865386962891,-5.85023307800293,-6.210592269897461,,0.00884246826171875,2.1161696910858154
47923,7946829,information_random_1,11,decoder_cross_attn,0,per_head,1.0,add,-6.21943473815918,-6.251865386962891,-5.85023307800293,-6.201742172241211,,0.01769256591796875,2.1161696910858154
47923,7946829,information_random_1,11,decoder_cross_attn,0,per_head,1.5,add,-6.21943473815918,-6.251865386962891,-5.85023307800293,-6.192882537841797,,0.026552200317382812,2.1161696910858154
47923,7946829,information_random_1,11,decoder_self_attn,3,per_head,0.5,add,-6.21943473815918,-6.251865386962891,-5.85023307800293,-6.2198333740234375,,-0.0003986358642578125,2.173255205154419
47923,7946829,information_random_1,11,decoder_self_attn,3,per_head,1.0,add,-6.21943473815918,-6.251865386962891,-5.85023307800293,-6.220222473144531,,-0.0007877349853515625,2.173255205154419
47923,7946829,information_random_1,11,decoder_self_attn,3,per_head,1.5,add,-6.21943473815918,-6.251865386962891,-5.85023307800293,-6.220605850219727,,-0.001171112060546875,2.173255205154419
47923,7946829,information_random_1,9,decoder_cross_attn,2,per_head,0.5,add,-6.21943473815918,-6.251865386962891,-5.85023307800293,-6.197185516357422,,0.022249221801757812,4.228691101074219
47923,7946829,information_random_1,9,decoder_cross_attn,2,per_head,1.0,add,-6.21943473815918,-6.251865386962891,-5.85023307800293,-6.174989700317383,,0.044445037841796875,4.228691101074219
47923,7946829,information_random_1,9,decoder_cross_attn,2,per_head,1.5,add,-6.21943473815918,-6.251865386962891,-5.85023307800293,-6.152875900268555,,0.066558837890625,4.228691101074219
47923,7946829,information_random_1,10,decoder_cross_attn,0,per_head,0.5,add,-6.21943473815918,-6.251865386962891,-5.85023307800293,-6.225740432739258,,-0.006305694580078125,12.12502384185791
47923,7946829,information_random_1,10,decoder_cross_attn,0,per_head,1.0,add,-6.21943473815918,-6.251865386962891,-5.85023307800293,-6.231173515319824,,-0.011738777160644531,12.12502384185791
47923,7946829,information_random_1,10,decoder_cross_attn,0,per_head,1.5,add,-6.21943473815918,-6.251865386962891,-5.85023307800293,-6.245579719543457,,-0.026144981384277344,12.12502384185791
47923,7946829,information_random_1,10,decoder_cross_attn,3,per_head,0.5,add,-6.21943473815918,-6.251865386962891,-5.85023307800293,-6.213340759277344,,0.0060939788818359375,2.247756242752075
47923,7946829,information_random_1,10,decoder_cross_attn,3,per_head,1.0,add,-6.21943473815918,-6.251865386962891,-5.85023307800293,-6.207243919372559,,0.012190818786621094,2.247756242752075
47923,7946829,information_random_1,10,decoder_cross_attn,3,per_head,1.5,add,-6.21943473815918,-6.251865386962891,-5.85023307800293,-6.20114803314209,,0.018286705017089844,2.247756242752075
47923,7946829,information_random_1,8,decoder_cross_attn,7,per_head,0.5,add,-6.21943473815918,-6.251865386962891,-5.85023307800293,-6.194644927978516,,0.024789810180664062,2.599320650100708
47923,7946829,information_random_1,8,decoder_cross_attn,7,per_head,1.0,add,-6.21943473815918,-6.251865386962891,-5.85023307800293,-6.169797897338867,,0.0496368408203125,2.599320650100708
47923,7946829,information_random_1,8,decoder_cross_attn,7,per_head,1.5,add,-6.21943473815918,-6.251865386962891,-5.85023307800293,-6.144929885864258,,0.07450485229492188,2.599320650100708
47923,7946829,information_random_1,9,decoder_cross_attn,7,per_head,0.5,add,-6.21943473815918,-6.251865386962891,-5.85023307800293,-6.210013389587402,,0.009421348571777344,3.426360607147217
47923,7946829,information_random_1,9,decoder_cross_attn,7,per_head,1.0,add,-6.21943473815918,-6.251865386962891,-5.85023307800293,-6.200531005859375,,0.018903732299804688,3.426360607147217
47923,7946829,information_random_1,9,decoder_cross_attn,7,per_head,1.5,add,-6.21943473815918,-6.251865386962891,-5.85023307800293,-6.191038131713867,,0.0283966064453125,3.426360607147217
47923,7946829,information_random_1,11,decoder_cross_attn,1,per_head,0.5,add,-6.21943473815918,-6.251865386962891,-5.85023307800293,-6.2137250900268555,,0.005709648132324219,2.567375898361206
47923,7946829,information_random_1,11,decoder_cross_attn,1,per_head,1.0,add,-6.21943473815918,-6.251865386962891,-5.85023307800293,-6.208005905151367,,0.0114288330078125,2.567375898361206
47923,7946829,information_random_1,11,decoder_cross_attn,1,per_head,1.5,add,-6.21943473815918,-6.251865386962891,-5.85023307800293,-6.202275276184082,,0.017159461975097656,2.567375898361206
47923,7946829,information_random_1,8,decoder_cross_attn,0,per_head,0.5,add,-6.21943473815918,-6.251865386962891,-5.85023307800293,-6.215850830078125,,0.0035839080810546875,2.3537819385528564
47923,7946829,information_random_1,8,decoder_cross_attn,0,per_head,1.0,add,-6.21943473815918,-6.251865386962891,-5.85023307800293,-6.2121076583862305,,0.007327079772949219,2.3537819385528564
47923,7946829,information_random_1,8,decoder_cross_attn,0,per_head,1.5,add,-6.21943473815918,-6.251865386962891,-5.85023307800293,-6.208312034606934,,0.011122703552246094,2.3537819385528564
47923,7946829,information_random_1,7,decoder_cross_attn,3,per_head,0.5,add,-6.21943473815918,-6.251865386962891,-5.85023307800293,-6.204922676086426,,0.014512062072753906,2.7912943363189697
47923,7946829,information_random_1,7,decoder_cross_attn,3,per_head,1.0,add,-6.21943473815918,-6.251865386962891,-5.85023307800293,-6.1903228759765625,,0.029111862182617188,2.7912943363189697
47923,7946829,information_random_1,7,decoder_cross_attn,3,per_head,1.5,add,-6.21943473815918,-6.251865386962891,-5.85023307800293,-6.1757307052612305,,0.04370403289794922,2.7912943363189697
47923,7946829,information_random_1,10,decoder_cross_attn,6,per_head,0.5,add,-6.21943473815918,-6.251865386962891,-5.85023307800293,-6.2137956619262695,,0.005639076232910156,1.9554365873336792
47923,7946829,information_random_1,10,decoder_cross_attn,6,per_head,1.0,add,-6.21943473815918,-6.251865386962891,-5.85023307800293,-6.208154678344727,,0.011280059814453125,1.9554365873336792
47923,7946829,information_random_1,10,decoder_cross_attn,6,per_head,1.5,add,-6.21943473815918,-6.251865386962891,-5.85023307800293,-6.202516555786133,,0.016918182373046875,1.9554365873336792
47923,7946829,information_random_1,7,decoder_cross_attn,5,per_head,0.5,add,-6.21943473815918,-6.251865386962891,-5.85023307800293,-6.214971542358398,,0.00446319580078125,2.274880886077881
47923,7946829,information_random_1,7,decoder_cross_attn,5,per_head,1.0,add,-6.21943473815918,-6.251865386962891,-5.85023307800293,-6.21036434173584,,0.009070396423339844,2.274880886077881
47923,7946829,information_random_1,7,decoder_cross_attn,5,per_head,1.5,add,-6.21943473815918,-6.251865386962891,-5.85023307800293,-6.205745697021484,,0.013689041137695312,2.274880886077881
47923,7946829,information_random_1,4,decoder_cross_attn,2,per_head,0.5,add,-6.21943473815918,-6.251865386962891,-5.85023307800293,-6.214168548583984,,0.0052661895751953125,1.0704455375671387
47923,7946829,information_random_1,4,decoder_cross_attn,2,per_head,1.0,add,-6.21943473815918,-6.251865386962891,-5.85023307800293,-6.208932876586914,,0.010501861572265625,1.0704455375671387
47923,7946829,information_random_1,4,decoder_cross_attn,2,per_head,1.5,add,-6.21943473815918,-6.251865386962891,-5.85023307800293,-6.203691482543945,,0.015743255615234375,1.0704455375671387
47923,7946829,information_random_1,7,decoder_cross_attn,6,per_head,0.5,add,-6.21943473815918,-6.251865386962891,-5.85023307800293,-6.212620735168457,,0.006814002990722656,1.165013313293457
47923,7946829,information_random_1,7,decoder_cross_attn,6,per_head,1.0,add,-6.21943473815918,-6.251865386962891,-5.85023307800293,-6.205772399902344,,0.013662338256835938,1.165013313293457
47923,7946829,information_random_1,7,decoder_cross_attn,6,per_head,1.5,add,-6.21943473815918,-6.251865386962891,-5.85023307800293,-6.198896408081055,,0.020538330078125,1.165013313293457
47923,7946829,information_random_1,11,decoder_cross_attn,2,per_head,0.5,add,-6.21943473815918,-6.251865386962891,-5.85023307800293,-6.211151123046875,,0.008283615112304688,2.1183841228485107
47923,7946829,information_random_1,11,decoder_cross_attn,2,per_head,1.0,add,-6.21943473815918,-6.251865386962891,-5.85023307800293,-6.2028656005859375,,0.016569137573242188,2.1183841228485107
47923,7946829,information_random_1,11,decoder_cross_attn,2,per_head,1.5,add,-6.21943473815918,-6.251865386962891,-5.85023307800293,-6.1945648193359375,,0.024869918823242188,2.1183841228485107
47923,7946829,information_random_1,5,decoder_cross_attn,7,per_head,0.5,add,-6.21943473815918,-6.251865386962891,-5.85023307800293,-6.211589813232422,,0.007844924926757812,1.3838692903518677
47923,7946829,information_random_1,5,decoder_cross_attn,7,per_head,1.0,add,-6.21943473815918,-6.251865386962891,-5.85023307800293,-6.203741073608398,,0.01569366455078125,1.3838692903518677
47923,7946829,information_random_1,5,decoder_cross_attn,7,per_head,1.5,add,-6.21943473815918,-6.251865386962891,-5.85023307800293,-6.195890426635742,,0.0235443115234375,1.3838692903518677
47923,7946829,information_random_1,6,decoder_cross_attn,9,per_head,0.5,add,-6.21943473815918,-6.251865386962891,-5.85023307800293,-6.213935852050781,,0.0054988861083984375,1.6831058263778687
47923,7946829,information_random_1,6,decoder_cross_attn,9,per_head,1.0,add,-6.21943473815918,-6.251865386962891,-5.85023307800293,-6.20833683013916,,0.011097908020019531,1.6831058263778687
47923,7946829,information_random_1,6,decoder_cross_attn,9,per_head,1.5,add,-6.21943473815918,-6.251865386962891,-5.85023307800293,-6.202672004699707,,0.016762733459472656,1.6831058263778687
47923,7946829,information_random_1,0,decoder_cross_attn,5,per_head,0.5,add,-6.21943473815918,-6.251865386962891,-5.85023307800293,-6.215108871459961,,0.00432586669921875,0.8403618335723877
47923,7946829,information_random_1,0,decoder_cross_attn,5,per_head,1.0,add,-6.21943473815918,-6.251865386962891,-5.85023307800293,-6.210847854614258,,0.008586883544921875,0.8403618335723877
47923,7946829,information_random_1,0,decoder_cross_attn,5,per_head,1.5,add,-6.21943473815918,-6.251865386962891,-5.85023307800293,-6.206610679626465,,0.012824058532714844,0.8403618335723877
47923,7946829,information_random_1,6,decoder_cross_attn,7,per_head,0.5,add,-6.21943473815918,-6.251865386962891,-5.85023307800293,-6.204485893249512,,0.014948844909667969,2.008059024810791
47923,7946829,information_random_1,6,decoder_cross_attn,7,per_head,1.0,add,-6.21943473815918,-6.251865386962891,-5.85023307800293,-6.18958854675293,,0.02984619140625,2.008059024810791
47923,7946829,information_random_1,6,decoder_cross_attn,7,per_head,1.5,add,-6.21943473815918,-6.251865386962891,-5.85023307800293,-6.174600601196289,,0.044834136962890625,2.008059024810791
168216,6012597,information_random_1,11,decoder_cross_attn,3,per_head,0.5,subtract,-5.410207748413086,-5.1806135177612305,-4.781258583068848,-4.806991100311279,0.02573251724243164,,4.913106441497803
168216,6012597,information_random_1,11,decoder_cross_attn,3,per_head,1.0,subtract,-5.410207748413086,-5.1806135177612305,-4.781258583068848,-4.832646369934082,0.051387786865234375,,4.913106441497803
168216,6012597,information_random_1,11,decoder_cross_attn,3,per_head,1.5,subtract,-5.410207748413086,-5.1806135177612305,-4.781258583068848,-4.858369827270508,0.07711124420166016,,4.913106441497803
168216,6012597,information_random_1,11,decoder_cross_attn,6,per_head,0.5,subtract,-5.410207748413086,-5.1806135177612305,-4.781258583068848,-4.797055244445801,0.015796661376953125,,3.656248092651367
168216,6012597,information_random_1,11,decoder_cross_attn,6,per_head,1.0,subtract,-5.410207748413086,-5.1806135177612305,-4.781258583068848,-4.812752723693848,0.031494140625,,3.656248092651367
168216,6012597,information_random_1,11,decoder_cross_attn,6,per_head,1.5,subtract,-5.410207748413086,-5.1806135177612305,-4.781258583068848,-4.828278541564941,0.04701995849609375,,3.656248092651367
168216,6012597,information_random_1,11,decoder_cross_attn,11,per_head,0.5,subtract,-5.410207748413086,-5.1806135177612305,-4.781258583068848,-4.803313732147217,0.02205514907836914,,3.6226985454559326
168216,6012597,information_random_1,11,decoder_cross_attn,11,per_head,1.0,subtract,-5.410207748413086,-5.1806135177612305,-4.781258583068848,-4.825348854064941,0.04409027099609375,,3.6226985454559326
168216,6012597,information_random_1,11,decoder_cross_attn,11,per_head,1.5,subtract,-5.410207748413086,-5.1806135177612305,-4.781258583068848,-4.847360610961914,0.0661020278930664,,3.6226985454559326
168216,6012597,information_random_1,11,decoder_cross_attn,0,per_head,0.5,subtract,-5.410207748413086,-5.1806135177612305,-4.781258583068848,-4.791060447692871,0.009801864624023438,,2.1161696910858154
168216,6012597,information_random_1,11,decoder_cross_attn,0,per_head,1.0,subtract,-5.410207748413086,-5.1806135177612305,-4.781258583068848,-4.800854682922363,0.019596099853515625,,2.1161696910858154
168216,6012597,information_random_1,11,decoder_cross_attn,0,per_head,1.5,subtract,-5.410207748413086,-5.1806135177612305,-4.781258583068848,-4.81063985824585,0.029381275177001953,,2.1161696910858154
168216,6012597,information_random_1,11,decoder_self_attn,3,per_head,0.5,subtract,-5.410207748413086,-5.1806135177612305,-4.781258583068848,-4.781466484069824,0.0002079010009765625,,2.173255205154419
168216,6012597,information_random_1,11,decoder_self_attn,3,per_head,1.0,subtract,-5.410207748413086,-5.1806135177612305,-4.781258583068848,-4.781638145446777,0.0003795623779296875,,2.173255205154419
168216,6012597,information_random_1,11,decoder_self_attn,3,per_head,1.5,subtract,-5.410207748413086,-5.1806135177612305,-4.781258583068848,-4.781718730926514,0.0004601478576660156,,2.173255205154419
168216,6012597,information_random_1,9,decoder_cross_attn,2,per_head,0.5,subtract,-5.410207748413086,-5.1806135177612305,-4.781258583068848,-4.817069053649902,0.03581047058105469,,4.228691101074219
168216,6012597,information_random_1,9,decoder_cross_attn,2,per_head,1.0,subtract,-5.410207748413086,-5.1806135177612305,-4.781258583068848,-4.8516082763671875,0.07034969329833984,,4.228691101074219
168216,6012597,information_random_1,9,decoder_cross_attn,2,per_head,1.5,subtract,-5.410207748413086,-5.1806135177612305,-4.781258583068848,-4.8858723640441895,0.1046137809753418,,4.228691101074219
168216,6012597,information_random_1,10,decoder_cross_attn,0,per_head,0.5,subtract,-5.410207748413086,-5.1806135177612305,-4.781258583068848,-4.7945733070373535,0.01331472396850586,,12.12502384185791
168216,6012597,information_random_1,10,decoder_cross_attn,0,per_head,1.0,subtract,-5.410207748413086,-5.1806135177612305,-4.781258583068848,-4.802850246429443,0.021591663360595703,,12.12502384185791
168216,6012597,information_random_1,10,decoder_cross_attn,0,per_head,1.5,subtract,-5.410207748413086,-5.1806135177612305,-4.781258583068848,-4.810307502746582,0.029048919677734375,,12.12502384185791
168216,6012597,information_random_1,10,decoder_cross_attn,3,per_head,0.5,subtract,-5.410207748413086,-5.1806135177612305,-4.781258583068848,-4.7865777015686035,0.005319118499755859,,2.247756242752075
168216,6012597,information_random_1,10,decoder_cross_attn,3,per_head,1.0,subtract,-5.410207748413086,-5.1806135177612305,-4.781258583068848,-4.791947364807129,0.01068878173828125,,2.247756242752075
168216,6012597,information_random_1,10,decoder_cross_attn,3,per_head,1.5,subtract,-5.410207748413086,-5.1806135177612305,-4.781258583068848,-4.797290802001953,0.01603221893310547,,2.247756242752075
168216,6012597,information_random_1,8,decoder_cross_attn,7,per_head,0.5,subtract,-5.410207748413086,-5.1806135177612305,-4.781258583068848,-4.8234100341796875,0.042151451110839844,,2.599320650100708
168216,6012597,information_random_1,8,decoder_cross_attn,7,per_head,1.0,subtract,-5.410207748413086,-5.1806135177612305,-4.781258583068848,-4.865117073059082,0.08385848999023438,,2.599320650100708
168216,6012597,information_random_1,8,decoder_cross_attn,7,per_head,1.5,subtract,-5.410207748413086,-5.1806135177612305,-4.781258583068848,-4.90626859664917,0.12501001358032227,,2.599320650100708
168216,6012597,information_random_1,9,decoder_cross_attn,7,per_head,0.5,subtract,-5.410207748413086,-5.1806135177612305,-4.781258583068848,-4.794919013977051,0.013660430908203125,,3.426360607147217
168216,6012597,information_random_1,9,decoder_cross_attn,7,per_head,1.0,subtract,-5.410207748413086,-5.1806135177612305,-4.781258583068848,-4.808405876159668,0.027147293090820312,,3.426360607147217
168216,6012597,information_random_1,9,decoder_cross_attn,7,per_head,1.5,subtract,-5.410207748413086,-5.1806135177612305,-4.781258583068848,-4.8215837478637695,0.040325164794921875,,3.426360607147217
168216,6012597,information_random_1,11,decoder_cross_attn,1,per_head,0.5,subtract,-5.410207748413086,-5.1806135177612305,-4.781258583068848,-4.7879133224487305,0.0066547393798828125,,2.567375898361206
168216,6012597,information_random_1,11,decoder_cross_attn,1,per_head,1.0,subtract,-5.410207748413086,-5.1806135177612305,-4.781258583068848,-4.794557571411133,0.013298988342285156,,2.567375898361206
168216,6012597,information_random_1,11,decoder_cross_attn,1,per_head,1.5,subtract,-5.410207748413086,-5.1806135177612305,-4.781258583068848,-4.801184177398682,0.019925594329833984,,2.567375898361206
168216,6012597,information_random_1,8,decoder_cross_attn,0,per_head,0.5,subtract,-5.410207748413086,-5.1806135177612305,-4.781258583068848,-4.789038181304932,0.007779598236083984,,2.3537819385528564
168216,6012597,information_random_1,8,decoder_cross_attn,0,per_head,1.0,subtract,-5.410207748413086,-5.1806135177612305,-4.781258583068848,-4.796792030334473,0.015533447265625,,2.3537819385528564
168216,6012597,information_random_1,8,decoder_cross_attn,0,per_head,1.5,subtract,-5.410207748413086,-5.1806135177612305,-4.781258583068848,-4.804545879364014,0.023287296295166016,,2.3537819385528564
168216,6012597,information_random_1,7,decoder_cross_attn,3,per_head,0.5,subtract,-5.410207748413086,-5.1806135177612305,-4.781258583068848,-4.802548885345459,0.021290302276611328,,2.7912943363189697
168216,6012597,information_random_1,7,decoder_cross_attn,3,per_head,1.0,subtract,-5.410207748413086,-5.1806135177612305,-4.781258583068848,-4.823825836181641,0.04256725311279297,,2.7912943363189697
168216,6012597,information_random_1,7,decoder_cross_attn,3,per_head,1.5,subtract,-5.410207748413086,-5.1806135177612305,-4.781258583068848,-4.844724655151367,0.06346607208251953,,2.7912943363189697
168216,6012597,information_random_1,10,decoder_cross_attn,6,per_head,0.5,subtract,-5.410207748413086,-5.1806135177612305,-4.781258583068848,-4.788500785827637,0.0072422027587890625,,1.9554365873336792
168216,6012597,information_random_1,10,decoder_cross_attn,6,per_head,1.0,subtract,-5.410207748413086,-5.1806135177612305,-4.781258583068848,-4.795742511749268,0.014483928680419922,,1.9554365873336792
168216,6012597,information_random_1,10,decoder_cross_attn,6,per_head,1.5,subtract,-5.410207748413086,-5.1806135177612305,-4.781258583068848,-4.802923202514648,0.02166461944580078,,1.9554365873336792
168216,6012597,information_random_1,7,decoder_cross_attn,5,per_head,0.5,subtract,-5.410207748413086,-5.1806135177612305,-4.781258583068848,-4.789299011230469,0.008040428161621094,,2.274880886077881
168216,6012597,information_random_1,7,decoder_cross_attn,5,per_head,1.0,subtract,-5.410207748413086,-5.1806135177612305,-4.781258583068848,-4.797101020812988,0.015842437744140625,,2.274880886077881
168216,6012597,information_random_1,7,decoder_cross_attn,5,per_head,1.5,subtract,-5.410207748413086,-5.1806135177612305,-4.781258583068848,-4.804622173309326,0.023363590240478516,,2.274880886077881
168216,6012597,information_random_1,4,decoder_cross_attn,2,per_head,0.5,subtract,-5.410207748413086,-5.1806135177612305,-4.781258583068848,-4.791984558105469,0.010725975036621094,,1.0704455375671387
168216,6012597,information_random_1,4,decoder_cross_attn,2,per_head,1.0,subtract,-5.410207748413086,-5.1806135177612305,-4.781258583068848,-4.802651405334473,0.021392822265625,,1.0704455375671387
168216,6012597,information_random_1,4,decoder_cross_attn,2,per_head,1.5,subtract,-5.410207748413086,-5.1806135177612305,-4.781258583068848,-4.813289642333984,0.03203105926513672,,1.0704455375671387
168216,6012597,information_random_1,7,decoder_cross_attn,6,per_head,0.5,subtract,-5.410207748413086,-5.1806135177612305,-4.781258583068848,-4.79671573638916,0.0154571533203125,,1.165013313293457
168216,6012597,information_random_1,7,decoder_cross_attn,6,per_head,1.0,subtract,-5.410207748413086,-5.1806135177612305,-4.781258583068848,-4.8119988441467285,0.03074026107788086,,1.165013313293457
168216,6012597,information_random_1,7,decoder_cross_attn,6,per_head,1.5,subtract,-5.410207748413086,-5.1806135177612305,-4.781258583068848,-4.827286720275879,0.04602813720703125,,1.165013313293457
168216,6012597,information_random_1,11,decoder_cross_attn,2,per_head,0.5,subtract,-5.410207748413086,-5.1806135177612305,-4.781258583068848,-4.790546417236328,0.009287834167480469,,2.1183841228485107
168216,6012597,information_random_1,11,decoder_cross_attn,2,per_head,1.0,subtract,-5.410207748413086,-5.1806135177612305,-4.781258583068848,-4.799825191497803,0.018566608428955078,,2.1183841228485107
168216,6012597,information_random_1,11,decoder_cross_attn,2,per_head,1.5,subtract,-5.410207748413086,-5.1806135177612305,-4.781258583068848,-4.809091567993164,0.027832984924316406,,2.1183841228485107
168216,6012597,information_random_1,5,decoder_cross_attn,7,per_head,0.5,subtract,-5.410207748413086,-5.1806135177612305,-4.781258583068848,-4.797837257385254,0.01657867431640625,,1.3838692903518677
168216,6012597,information_random_1,5,decoder_cross_attn,7,per_head,1.0,subtract,-5.410207748413086,-5.1806135177612305,-4.781258583068848,-4.814282417297363,0.033023834228515625,,1.3838692903518677
168216,6012597,information_random_1,5,decoder_cross_attn,7,per_head,1.5,subtract,-5.410207748413086,-5.1806135177612305,-4.781258583068848,-4.8307271003723145,0.0494685173034668,,1.3838692903518677
168216,6012597,information_random_1,6,decoder_cross_attn,9,per_head,0.5,subtract,-5.410207748413086,-5.1806135177612305,-4.781258583068848,-4.793626308441162,0.012367725372314453,,1.6831058263778687
168216,6012597,information_random_1,6,decoder_cross_attn,9,per_head,1.0,subtract,-5.410207748413086,-5.1806135177612305,-4.781258583068848,-4.805944442749023,0.02468585968017578,,1.6831058263778687
168216,6012597,information_random_1,6,decoder_cross_attn,9,per_head,1.5,subtract,-5.410207748413086,-5.1806135177612305,-4.781258583068848,-4.818016529083252,0.0367579460144043,,1.6831058263778687
168216,6012597,information_random_1,0,decoder_cross_attn,5,per_head,0.5,subtract,-5.410207748413086,-5.1806135177612305,-4.781258583068848,-4.7886433601379395,0.007384777069091797,,0.8403618335723877
168216,6012597,information_random_1,0,decoder_cross_attn,5,per_head,1.0,subtract,-5.410207748413086,-5.1806135177612305,-4.781258583068848,-4.796026229858398,0.014767646789550781,,0.8403618335723877
168216,6012597,information_random_1,0,decoder_cross_attn,5,per_head,1.5,subtract,-5.410207748413086,-5.1806135177612305,-4.781258583068848,-4.803357124328613,0.022098541259765625,,0.8403618335723877
168216,6012597,information_random_1,6,decoder_cross_attn,7,per_head,0.5,subtract,-5.410207748413086,-5.1806135177612305,-4.781258583068848,-4.808626651763916,0.02736806869506836,,2.008059024810791
168216,6012597,information_random_1,6,decoder_cross_attn,7,per_head,1.0,subtract,-5.410207748413086,-5.1806135177612305,-4.781258583068848,-4.8358540534973145,0.0545954704284668,,2.008059024810791
168216,6012597,information_random_1,6,decoder_cross_attn,7,per_head,1.5,subtract,-5.410207748413086,-5.1806135177612305,-4.781258583068848,-4.8626298904418945,0.08137130737304688,,2.008059024810791
168216,6012597,information_random_1,11,decoder_cross_attn,3,per_head,0.5,add,-5.410207748413086,-5.1806135177612305,-4.781258583068848,-5.384965896606445,,0.025241851806640625,4.913106441497803
168216,6012597,information_random_1,11,decoder_cross_attn,3,per_head,1.0,add,-5.410207748413086,-5.1806135177612305,-4.781258583068848,-5.35968017578125,,0.05052757263183594,4.913106441497803
168216,6012597,information_random_1,11,decoder_cross_attn,3,per_head,1.5,add,-5.410207748413086,-5.1806135177612305,-4.781258583068848,-5.334327697753906,,0.07588005065917969,4.913106441497803
168216,6012597,information_random_1,11,decoder_cross_attn,6,per_head,0.5,add,-5.410207748413086,-5.1806135177612305,-4.781258583068848,-5.394628524780273,,0.0155792236328125,3.656248092651367
168216,6012597,information_random_1,11,decoder_cross_attn,6,per_head,1.0,add,-5.410207748413086,-5.1806135177612305,-4.781258583068848,-5.379011154174805,,0.03119659423828125,3.656248092651367
168216,6012597,information_random_1,11,decoder_cross_attn,6,per_head,1.5,add,-5.410207748413086,-5.1806135177612305,-4.781258583068848,-5.3635406494140625,,0.04666709899902344,3.656248092651367
168216,6012597,information_random_1,11,decoder_cross_attn,11,per_head,0.5,add,-5.410207748413086,-5.1806135177612305,-4.781258583068848,-5.387966156005859,,0.022241592407226562,3.6226985454559326
168216,6012597,information_random_1,11,decoder_cross_attn,11,per_head,1.0,add,-5.410207748413086,-5.1806135177612305,-4.781258583068848,-5.36568546295166,,0.04452228546142578,3.6226985454559326
168216,6012597,information_random_1,11,decoder_cross_attn,11,per_head,1.5,add,-5.410207748413086,-5.1806135177612305,-4.781258583068848,-5.343352317810059,,0.06685543060302734,3.6226985454559326
168216,6012597,information_random_1,11,decoder_cross_attn,0,per_head,0.5,add,-5.410207748413086,-5.1806135177612305,-4.781258583068848,-5.399778366088867,,0.01042938232421875,2.1161696910858154
168216,6012597,information_random_1,11,decoder_cross_attn,0,per_head,1.0,add,-5.410207748413086,-5.1806135177612305,-4.781258583068848,-5.389341354370117,,0.02086639404296875,2.1161696910858154
168216,6012597,information_random_1,11,decoder_cross_attn,0,per_head,1.5,add,-5.410207748413086,-5.1806135177612305,-4.781258583068848,-5.378896713256836,,0.03131103515625,2.1161696910858154
168216,6012597,information_random_1,11,decoder_self_attn,3,per_head,0.5,add,-5.410207748413086,-5.1806135177612305,-4.781258583068848,-5.410350799560547,,-0.0001430511474609375,2.173255205154419
168216,6012597,information_random_1,11,decoder_self_attn,3,per_head,1.0,add,-5.410207748413086,-5.1806135177612305,-4.781258583068848,-5.410462379455566,,-0.00025463104248046875,2.173255205154419
168216,6012597,information_random_1,11,decoder_self_attn,3,per_head,1.5,add,-5.410207748413086,-5.1806135177612305,-4.781258583068848,-5.410399436950684,,-0.00019168853759765625,2.173255205154419
168216,6012597,information_random_1,9,decoder_cross_attn,2,per_head,0.5,add,-5.410207748413086,-5.1806135177612305,-4.781258583068848,-5.379693984985352,,0.030513763427734375,4.228691101074219
168216,6012597,information_random_1,9,decoder_cross_attn,2,per_head,1.0,add,-5.410207748413086,-5.1806135177612305,-4.781258583068848,-5.348270416259766,,0.06193733215332031,4.228691101074219
168216,6012597,information_random_1,9,decoder_cross_attn,2,per_head,1.5,add,-5.410207748413086,-5.1806135177612305,-4.781258583068848,-5.316677093505859,,0.09353065490722656,4.228691101074219
168216,6012597,information_random_1,10,decoder_cross_attn,0,per_head,0.5,add,-5.410207748413086,-5.1806135177612305,-4.781258583068848,-5.409621238708496,,0.0005865097045898438,12.12502384185791
168216,6012597,information_random_1,10,decoder_cross_attn,0,per_head,1.0,add,-5.410207748413086,-5.1806135177612305,-4.781258583068848,-5.407915115356445,,0.002292633056640625,12.12502384185791
168216,6012597,information_random_1,10,decoder_cross_attn,0,per_head,1.5,add,-5.410207748413086,-5.1806135177612305,-4.781258583068848,-5.404189109802246,,0.006018638610839844,12.12502384185791
168216,6012597,information_random_1,10,decoder_cross_attn,3,per_head,0.5,add,-5.410207748413086,-5.1806135177612305,-4.781258583068848,-5.405364990234375,,0.0048427581787109375,2.247756242752075
168216,6012597,information_random_1,10,decoder_cross_attn,3,per_head,1.0,add,-5.410207748413086,-5.1806135177612305,-4.781258583068848,-5.400533676147461,,0.009674072265625,2.247756242752075
168216,6012597,information_random_1,10,decoder_cross_attn,3,per_head,1.5,add,-5.410207748413086,-5.1806135177612305,-4.781258583068848,-5.395745277404785,,0.014462471008300781,2.247756242752075
168216,6012597,information_random_1,8,decoder_cross_attn,7,per_head,0.5,add,-5.410207748413086,-5.1806135177612305,-4.781258583068848,-5.373134613037109,,0.03707313537597656,2.599320650100708
168216,6012597,information_random_1,8,decoder_cross_attn,7,per_head,1.0,add,-5.410207748413086,-5.1806135177612305,-4.781258583068848,-5.335243225097656,,0.07496452331542969,2.599320650100708
168216,6012597,information_random_1,8,decoder_cross_attn,7,per_head,1.5,add,-5.410207748413086,-5.1806135177612305,-4.781258583068848,-5.2970170974731445,,0.1131906509399414,2.599320650100708
168216,6012597,information_random_1,9,decoder_cross_attn,7,per_head,0.5,add,-5.410207748413086,-5.1806135177612305,-4.781258583068848,-5.399920463562012,,0.010287284851074219,3.426360607147217
168216,6012597,information_random_1,9,decoder_cross_attn,7,per_head,1.0,add,-5.410207748413086,-5.1806135177612305,-4.781258583068848,-5.389509201049805,,0.02069854736328125,3.426360607147217
168216,6012597,information_random_1,9,decoder_cross_attn,7,per_head,1.5,add,-5.410207748413086,-5.1806135177612305,-4.781258583068848,-5.378735542297363,,0.031472206115722656,3.426360607147217
168216,6012597,information_random_1,11,decoder_cross_attn,1,per_head,0.5,add,-5.410207748413086,-5.1806135177612305,-4.781258583068848,-5.40342903137207,,0.006778717041015625,2.567375898361206
168216,6012597,information_random_1,11,decoder_cross_attn,1,per_head,1.0,add,-5.410207748413086,-5.1806135177612305,-4.781258583068848,-5.396634101867676,,0.013573646545410156,2.567375898361206
168216,6012597,information_random_1,11,decoder_cross_attn,1,per_head,1.5,add,-5.410207748413086,-5.1806135177612305,-4.781258583068848,-5.389822006225586,,0.0203857421875,2.567375898361206
168216,6012597,information_random_1,8,decoder_cross_attn,0,per_head,0.5,add,-5.410207748413086,-5.1806135177612305,-4.781258583068848,-5.404060363769531,,0.0061473846435546875,2.3537819385528564
168216,6012597,information_random_1,8,decoder_cross_attn,0,per_head,1.0,add,-5.410207748413086,-5.1806135177612305,-4.781258583068848,-5.397806167602539,,0.012401580810546875,2.3537819385528564
168216,6012597,information_random_1,8,decoder_cross_attn,0,per_head,1.5,add,-5.410207748413086,-5.1806135177612305,-4.781258583068848,-5.391475677490234,,0.018732070922851562,2.3537819385528564
168216,6012597,information_random_1,7,decoder_cross_attn,3,per_head,0.5,add,-5.410207748413086,-5.1806135177612305,-4.781258583068848,-5.390995025634766,,0.019212722778320312,2.7912943363189697
168216,6012597,information_random_1,7,decoder_cross_attn,3,per_head,1.0,add,-5.410207748413086,-5.1806135177612305,-4.781258583068848,-5.371617317199707,,0.038590431213378906,2.7912943363189697
168216,6012597,information_random_1,7,decoder_cross_attn,3,per_head,1.5,add,-5.410207748413086,-5.1806135177612305,-4.781258583068848,-5.352288246154785,,0.05791950225830078,2.7912943363189697
168216,6012597,information_random_1,10,decoder_cross_attn,6,per_head,0.5,add,-5.410207748413086,-5.1806135177612305,-4.781258583068848,-5.4032182693481445,,0.006989479064941406,1.9554365873336792
168216,6012597,information_random_1,10,decoder_cross_attn,6,per_head,1.0,add,-5.410207748413086,-5.1806135177612305,-4.781258583068848,-5.39622688293457,,0.013980865478515625,1.9554365873336792
168216,6012597,information_random_1,10,decoder_cross_attn,6,per_head,1.5,add,-5.410207748413086,-5.1806135177612305,-4.781258583068848,-5.389228820800781,,0.020978927612304688,1.9554365873336792
168216,6012597,information_random_1,7,decoder_cross_attn,5,per_head,0.5,add,-5.410207748413086,-5.1806135177612305,-4.781258583068848,-5.405974388122559,,0.004233360290527344,2.274880886077881
168216,6012597,information_random_1,7,decoder_cross_attn,5,per_head,1.0,add,-5.410207748413086,-5.1806135177612305,-4.781258583068848,-5.401658058166504,,0.008549690246582031,2.274880886077881
168216,6012597,information_random_1,7,decoder_cross_attn,5,per_head,1.5,add,-5.410207748413086,-5.1806135177612305,-4.781258583068848,-5.397156715393066,,0.013051033020019531,2.274880886077881
168216,6012597,information_random_1,4,decoder_cross_attn,2,per_head,0.5,add,-5.410207748413086,-5.1806135177612305,-4.781258583068848,-5.400862693786621,,0.009345054626464844,1.0704455375671387
168216,6012597,information_random_1,4,decoder_cross_attn,2,per_head,1.0,add,-5.410207748413086,-5.1806135177612305,-4.781258583068848,-5.39149284362793,,0.01871490478515625,1.0704455375671387
168216,6012597,information_random_1,4,decoder_cross_attn,2,per_head,1.5,add,-5.410207748413086,-5.1806135177612305,-4.781258583068848,-5.382099151611328,,0.028108596801757812,1.0704455375671387
168216,6012597,information_random_1,7,decoder_cross_attn,6,per_head,0.5,add,-5.410207748413086,-5.1806135177612305,-4.781258583068848,-5.397141456604004,,0.013066291809082031,1.165013313293457
168216,6012597,information_random_1,7,decoder_cross_attn,6,per_head,1.0,add,-5.410207748413086,-5.1806135177612305,-4.781258583068848,-5.384012222290039,,0.026195526123046875,1.165013313293457
168216,6012597,information_random_1,7,decoder_cross_attn,6,per_head,1.5,add,-5.410207748413086,-5.1806135177612305,-4.781258583068848,-5.370772361755371,,0.039435386657714844,1.165013313293457
168216,6012597,information_random_1,11,decoder_cross_attn,2,per_head,0.5,add,-5.410207748413086,-5.1806135177612305,-4.781258583068848,-5.400623321533203,,0.009584426879882812,2.1183841228485107
168216,6012597,information_random_1,11,decoder_cross_attn,2,per_head,1.0,add,-5.410207748413086,-5.1806135177612305,-4.781258583068848,-5.391025543212891,,0.019182205200195312,2.1183841228485107
168216,6012597,information_random_1,11,decoder_cross_attn,2,per_head,1.5,add,-5.410207748413086,-5.1806135177612305,-4.781258583068848,-5.381380081176758,,0.028827667236328125,2.1183841228485107
168216,6012597,information_random_1,5,decoder_cross_attn,7,per_head,0.5,add,-5.410207748413086,-5.1806135177612305,-4.781258583068848,-5.39598274230957,,0.014225006103515625,1.3838692903518677
168216,6012597,information_random_1,5,decoder_cross_attn,7,per_head,1.0,add,-5.410207748413086,-5.1806135177612305,-4.781258583068848,-5.381719589233398,,0.0284881591796875,1.3838692903518677
168216,6012597,information_random_1,5,decoder_cross_attn,7,per_head,1.5,add,-5.410207748413086,-5.1806135177612305,-4.781258583068848,-5.367208480834961,,0.042999267578125,1.3838692903518677
168216,6012597,information_random_1,6,decoder_cross_attn,9,per_head,0.5,add,-5.410207748413086,-5.1806135177612305,-4.781258583068848,-5.399867057800293,,0.010340690612792969,1.6831058263778687
168216,6012597,information_random_1,6,decoder_cross_attn,9,per_head,1.0,add,-5.410207748413086,-5.1806135177612305,-4.781258583068848,-5.3894758224487305,,0.02073192596435547,1.6831058263778687
168216,6012597,information_random_1,6,decoder_cross_attn,9,per_head,1.5,add,-5.410207748413086,-5.1806135177612305,-4.781258583068848,-5.3789825439453125,,0.031225204467773438,1.6831058263778687
168216,6012597,information_random_1,0,decoder_cross_attn,5,per_head,0.5,add,-5.410207748413086,-5.1806135177612305,-4.781258583068848,-5.403800964355469,,0.0064067840576171875,0.8403618335723877
168216,6012597,information_random_1,0,decoder_cross_attn,5,per_head,1.0,add,-5.410207748413086,-5.1806135177612305,-4.781258583068848,-5.397418975830078,,0.012788772583007812,0.8403618335723877
168216,6012597,information_random_1,0,decoder_cross_attn,5,per_head,1.5,add,-5.410207748413086,-5.1806135177612305,-4.781258583068848,-5.390987396240234,,0.019220352172851562,0.8403618335723877
168216,6012597,information_random_1,6,decoder_cross_attn,7,per_head,0.5,add,-5.410207748413086,-5.1806135177612305,-4.781258583068848,-5.38676643371582,,0.023441314697265625,2.008059024810791
168216,6012597,information_random_1,6,decoder_cross_attn,7,per_head,1.0,add,-5.410207748413086,-5.1806135177612305,-4.781258583068848,-5.363042831420898,,0.0471649169921875,2.008059024810791
168216,6012597,information_random_1,6,decoder_cross_attn,7,per_head,1.5,add,-5.410207748413086,-5.1806135177612305,-4.781258583068848,-5.338976860046387,,0.07123088836669922,2.008059024810791
