attack_name,token,position,repetitions,qid,docid,variant,layer_index,layer_name,score,true_logit,false_logit
informationbaz_random_4,informationbaz,random,4,1037798,3641634,original,0,embedding,0.8320577144622803,-3.029757499694824,-3.8618152141571045
informationbaz_random_4,informationbaz,random,4,1037798,3641634,original,1,encoder_block_1,0.5770964622497559,-4.365377902984619,-4.942474365234375
informationbaz_random_4,informationbaz,random,4,1037798,3641634,original,2,encoder_block_2,0.8005528450012207,-4.598018646240234,-5.398571491241455
informationbaz_random_4,informationbaz,random,4,1037798,3641634,original,3,encoder_block_3,0.6463022232055664,-4.138062953948975,-4.784365177154541
informationbaz_random_4,informationbaz,random,4,1037798,3641634,original,4,encoder_block_4,0.5612177848815918,-4.034833908081055,-4.5960516929626465
informationbaz_random_4,informationbaz,random,4,1037798,3641634,original,5,encoder_block_5,0.5341918468475342,-3.8064210414886475,-4.340612888336182
informationbaz_random_4,informationbaz,random,4,1037798,3641634,original,6,encoder_block_6,0.7486610412597656,-3.1320767402648926,-3.880737781524658
informationbaz_random_4,informationbaz,random,4,1037798,3641634,original,7,encoder_block_7,0.5290794372558594,-3.325244903564453,-3.8543243408203125
informationbaz_random_4,informationbaz,random,4,1037798,3641634,original,8,encoder_block_8,0.5495195388793945,-3.047973394393921,-3.5974929332733154
informationbaz_random_4,informationbaz,random,4,1037798,3641634,original,9,encoder_block_9,0.7852129936218262,-2.6089155673980713,-3.3941285610198975
informationbaz_random_4,informationbaz,random,4,1037798,3641634,original,10,encoder_block_10,0.8754327297210693,-3.0348339080810547,-3.910266637802124
informationbaz_random_4,informationbaz,random,4,1037798,3641634,original,11,encoder_block_11,1.6852598190307617,-1.8221228122711182,-3.50738263130188
informationbaz_random_4,informationbaz,random,4,1037798,3641634,original,12,encoder_block_12,1.2045688927173615,0.11320188641548157,-1.0913670063018799
informationbaz_random_4,informationbaz,random,4,1037798,3641634,padded_control,0,embedding,0.8320584297180176,-3.0297584533691406,-3.861816883087158
informationbaz_random_4,informationbaz,random,4,1037798,3641634,padded_control,1,encoder_block_1,0.5766329765319824,-4.387871742248535,-4.964504718780518
informationbaz_random_4,informationbaz,random,4,1037798,3641634,padded_control,2,encoder_block_2,0.8029675483703613,-4.667355537414551,-5.470323085784912
informationbaz_random_4,informationbaz,random,4,1037798,3641634,padded_control,3,encoder_block_3,0.6427164077758789,-4.2035393714904785,-4.846255779266357
informationbaz_random_4,informationbaz,random,4,1037798,3641634,padded_control,4,encoder_block_4,0.5638084411621094,-4.100261688232422,-4.664070129394531
informationbaz_random_4,informationbaz,random,4,1037798,3641634,padded_control,5,encoder_block_5,0.536829948425293,-3.857844829559326,-4.394674777984619
informationbaz_random_4,informationbaz,random,4,1037798,3641634,padded_control,6,encoder_block_6,0.7518963813781738,-3.178317070007324,-3.930213451385498
informationbaz_random_4,informationbaz,random,4,1037798,3641634,padded_control,7,encoder_block_7,0.5251832008361816,-3.368283987045288,-3.8934671878814697
informationbaz_random_4,informationbaz,random,4,1037798,3641634,padded_control,8,encoder_block_8,0.5366165637969971,-3.1095499992370605,-3.6461665630340576
informationbaz_random_4,informationbaz,random,4,1037798,3641634,padded_control,9,encoder_block_9,0.7758774757385254,-2.642439603805542,-3.4183170795440674
informationbaz_random_4,informationbaz,random,4,1037798,3641634,padded_control,10,encoder_block_10,0.8661487102508545,-3.0524845123291016,-3.918633222579956
informationbaz_random_4,informationbaz,random,4,1037798,3641634,padded_control,11,encoder_block_11,1.6982349157333374,-1.829710841178894,-3.5279457569122314
informationbaz_random_4,informationbaz,random,4,1037798,3641634,padded_control,12,encoder_block_12,1.1279125809669495,0.11442393064498901,-1.0134886503219604
informationbaz_random_4,informationbaz,random,4,1037798,3641634,attack,0,embedding,0.6621015071868896,-3.3162574768066406,-3.9783589839935303
informationbaz_random_4,informationbaz,random,4,1037798,3641634,attack,1,encoder_block_1,0.4237966537475586,-4.347733497619629,-4.7715301513671875
informationbaz_random_4,informationbaz,random,4,1037798,3641634,attack,2,encoder_block_2,0.6804232597351074,-4.270938396453857,-4.951361656188965
informationbaz_random_4,informationbaz,random,4,1037798,3641634,attack,3,encoder_block_3,0.47144293785095215,-3.8367249965667725,-4.308167934417725
informationbaz_random_4,informationbaz,random,4,1037798,3641634,attack,4,encoder_block_4,0.458101749420166,-3.6368918418884277,-4.094993591308594
informationbaz_random_4,informationbaz,random,4,1037798,3641634,attack,5,encoder_block_5,0.4649980068206787,-3.5650203227996826,-4.030018329620361
informationbaz_random_4,informationbaz,random,4,1037798,3641634,attack,6,encoder_block_6,0.6739482879638672,-2.79207444190979,-3.4660227298736572
informationbaz_random_4,informationbaz,random,4,1037798,3641634,attack,7,encoder_block_7,0.4982481002807617,-3.016512393951416,-3.5147604942321777
informationbaz_random_4,informationbaz,random,4,1037798,3641634,attack,8,encoder_block_8,0.5854334831237793,-2.640702724456787,-3.2261362075805664
informationbaz_random_4,informationbaz,random,4,1037798,3641634,attack,9,encoder_block_9,0.8102207183837891,-2.215582847595215,-3.025803565979004
informationbaz_random_4,informationbaz,random,4,1037798,3641634,attack,10,encoder_block_10,0.8946568965911865,-2.5052473545074463,-3.399904251098633
informationbaz_random_4,informationbaz,random,4,1037798,3641634,attack,11,encoder_block_11,1.586982011795044,-1.5174214839935303,-3.104403495788574
informationbaz_random_4,informationbaz,random,4,1037798,3641634,attack,12,encoder_block_12,0.8168384432792664,-0.03351706266403198,-0.8503555059432983
informationbaz_random_4,informationbaz,random,4,104861,459676,original,0,embedding,0.9635918140411377,-3.1855390071868896,-4.149130821228027
informationbaz_random_4,informationbaz,random,4,104861,459676,original,1,encoder_block_1,1.1753835678100586,-4.262686729431152,-5.438070297241211
informationbaz_random_4,informationbaz,random,4,104861,459676,original,2,encoder_block_2,1.640017032623291,-4.725764751434326,-6.365781784057617
informationbaz_random_4,informationbaz,random,4,104861,459676,original,3,encoder_block_3,1.6881709098815918,-4.387701511383057,-6.075872421264648
informationbaz_random_4,informationbaz,random,4,104861,459676,original,4,encoder_block_4,1.9483013153076172,-3.6205239295959473,-5.5688252449035645
informationbaz_random_4,informationbaz,random,4,104861,459676,original,5,encoder_block_5,2.049661874771118,-3.6292130947113037,-5.678874969482422
informationbaz_random_4,informationbaz,random,4,104861,459676,original,6,encoder_block_6,1.9903066158294678,-3.094212293624878,-5.084518909454346
informationbaz_random_4,informationbaz,random,4,104861,459676,original,7,encoder_block_7,2.039266586303711,-3.411625862121582,-5.450892448425293
informationbaz_random_4,informationbaz,random,4,104861,459676,original,8,encoder_block_8,1.8978996276855469,-3.0682177543640137,-4.9661173820495605
informationbaz_random_4,informationbaz,random,4,104861,459676,original,9,encoder_block_9,2.0681657791137695,-2.6012182235717773,-4.669384002685547
informationbaz_random_4,informationbaz,random,4,104861,459676,original,10,encoder_block_10,2.2281575202941895,-3.3061861991882324,-5.534343719482422
informationbaz_random_4,informationbaz,random,4,104861,459676,original,11,encoder_block_11,2.517533540725708,-2.5443217754364014,-5.061855316162109
informationbaz_random_4,informationbaz,random,4,104861,459676,original,12,encoder_block_12,1.6921783089637756,0.6633825898170471,-1.0287957191467285
informationbaz_random_4,informationbaz,random,4,104861,459676,padded_control,0,embedding,0.9635920524597168,-3.1855387687683105,-4.149130821228027
informationbaz_random_4,informationbaz,random,4,104861,459676,padded_control,1,encoder_block_1,1.1794710159301758,-4.258292198181152,-5.437763214111328
informationbaz_random_4,informationbaz,random,4,104861,459676,padded_control,2,encoder_block_2,1.6395306587219238,-4.7129082679748535,-6.352438926696777
informationbaz_random_4,informationbaz,random,4,104861,459676,padded_control,3,encoder_block_3,1.6821494102478027,-4.361443519592285,-6.043592929840088
informationbaz_random_4,informationbaz,random,4,104861,459676,padded_control,4,encoder_block_4,1.9405760765075684,-3.601196765899658,-5.541772842407227
informationbaz_random_4,informationbaz,random,4,104861,459676,padded_control,5,encoder_block_5,2.0337438583374023,-3.5924806594848633,-5.626224517822266
informationbaz_random_4,informationbaz,random,4,104861,459676,padded_control,6,encoder_block_6,1.9835014343261719,-3.062194347381592,-5.045695781707764
informationbaz_random_4,informationbaz,random,4,104861,459676,padded_control,7,encoder_block_7,2.033885955810547,-3.3760762214660645,-5.409962177276611
informationbaz_random_4,informationbaz,random,4,104861,459676,padded_control,8,encoder_block_8,1.8952584266662598,-3.0438098907470703,-4.93906831741333
informationbaz_random_4,informationbaz,random,4,104861,459676,padded_control,9,encoder_block_9,2.0609054565429688,-2.572817802429199,-4.633723258972168
informationbaz_random_4,informationbaz,random,4,104861,459676,padded_control,10,encoder_block_10,2.2229111194610596,-3.269341230392456,-5.492252349853516
informationbaz_random_4,informationbaz,random,4,104861,459676,padded_control,11,encoder_block_11,2.50822377204895,-2.536036252975464,-5.044260025024414
informationbaz_random_4,informationbaz,random,4,104861,459676,padded_control,12,encoder_block_12,1.6308963298797607,0.6848549842834473,-0.9460413455963135
informationbaz_random_4,informationbaz,random,4,104861,459676,attack,0,embedding,0.8682665824890137,-3.1668896675109863,-4.03515625
informationbaz_random_4,informationbaz,random,4,104861,459676,attack,1,encoder_block_1,0.9583373069763184,-4.060141086578369,-5.0184783935546875
informationbaz_random_4,informationbaz,random,4,104861,459676,attack,2,encoder_block_2,1.404184341430664,-4.431121826171875,-5.835306167602539
informationbaz_random_4,informationbaz,random,4,104861,459676,attack,3,encoder_block_3,1.430814266204834,-3.9694466590881348,-5.400260925292969
informationbaz_random_4,informationbaz,random,4,104861,459676,attack,4,encoder_block_4,1.6719036102294922,-3.0711727142333984,-4.743076324462891
informationbaz_random_4,informationbaz,random,4,104861,459676,attack,5,encoder_block_5,1.8002066612243652,-2.982469081878662,-4.782675743103027
informationbaz_random_4,informationbaz,random,4,104861,459676,attack,6,encoder_block_6,1.7931981086730957,-2.4256157875061035,-4.218813896179199
informationbaz_random_4,informationbaz,random,4,104861,459676,attack,7,encoder_block_7,1.8885042667388916,-2.686222791671753,-4.5747270584106445
informationbaz_random_4,informationbaz,random,4,104861,459676,attack,8,encoder_block_8,1.8087124824523926,-2.5316414833068848,-4.340353965759277
informationbaz_random_4,informationbaz,random,4,104861,459676,attack,9,encoder_block_9,1.9746201038360596,-2.169433355331421,-4.1440534591674805
informationbaz_random_4,informationbaz,random,4,104861,459676,attack,10,encoder_block_10,2.125840425491333,-3.0694100856781006,-5.195250511169434
informationbaz_random_4,informationbaz,random,4,104861,459676,attack,11,encoder_block_11,2.308537244796753,-2.2561161518096924,-4.564653396606445
informationbaz_random_4,informationbaz,random,4,104861,459676,attack,12,encoder_block_12,0.9975126087665558,0.7431548833847046,-0.2543577253818512
informationbaz_random_4,informationbaz,random,4,1063750,4788295,original,0,embedding,0.7345647811889648,-3.280735492706299,-4.015300273895264
informationbaz_random_4,informationbaz,random,4,1063750,4788295,original,1,encoder_block_1,0.47437191009521484,-4.312474250793457,-4.786846160888672
informationbaz_random_4,informationbaz,random,4,1063750,4788295,original,2,encoder_block_2,0.2930629253387451,-3.9937994480133057,-4.286862373352051
informationbaz_random_4,informationbaz,random,4,1063750,4788295,original,3,encoder_block_3,0.14417719841003418,-3.592477798461914,-3.7366549968719482
informationbaz_random_4,informationbaz,random,4,1063750,4788295,original,4,encoder_block_4,0.4063873291015625,-3.0513157844543457,-3.457703113555908
informationbaz_random_4,informationbaz,random,4,1063750,4788295,original,5,encoder_block_5,0.4649672508239746,-2.7174854278564453,-3.18245267868042
informationbaz_random_4,informationbaz,random,4,1063750,4788295,original,6,encoder_block_6,0.5196993350982666,-2.4360525608062744,-2.955751895904541
informationbaz_random_4,informationbaz,random,4,1063750,4788295,original,7,encoder_block_7,0.5396733283996582,-2.4471049308776855,-2.9867782592773438
informationbaz_random_4,informationbaz,random,4,1063750,4788295,original,8,encoder_block_8,0.7442870140075684,-2.1447031497955322,-2.8889901638031006
informationbaz_random_4,informationbaz,random,4,1063750,4788295,original,9,encoder_block_9,0.8194112777709961,-1.8786191940307617,-2.698030471801758
informationbaz_random_4,informationbaz,random,4,1063750,4788295,original,10,encoder_block_10,0.6462976932525635,-2.380667209625244,-3.0269649028778076
informationbaz_random_4,informationbaz,random,4,1063750,4788295,original,11,encoder_block_11,1.5446739196777344,-2.1558947563171387,-3.700568675994873
informationbaz_random_4,informationbaz,random,4,1063750,4788295,original,12,encoder_block_12,3.5748090744018555,-4.392218589782715,-7.96702766418457
informationbaz_random_4,informationbaz,random,4,1063750,4788295,padded_control,0,embedding,0.7345645427703857,-3.280733823776245,-4.015298366546631
informationbaz_random_4,informationbaz,random,4,1063750,4788295,padded_control,1,encoder_block_1,0.48377370834350586,-4.292786598205566,-4.776560306549072
informationbaz_random_4,informationbaz,random,4,1063750,4788295,padded_control,2,encoder_block_2,0.3159358501434326,-3.9593803882598877,-4.27531623840332
informationbaz_random_4,informationbaz,random,4,1063750,4788295,padded_control,3,encoder_block_3,0.1559436321258545,-3.5617430210113525,-3.717686653137207
informationbaz_random_4,informationbaz,random,4,1063750,4788295,padded_control,4,encoder_block_4,0.4168276786804199,-3.0297141075134277,-3.4465417861938477
informationbaz_random_4,informationbaz,random,4,1063750,4788295,padded_control,5,encoder_block_5,0.4775092601776123,-2.699955701828003,-3.1774649620056152
informationbaz_random_4,informationbaz,random,4,1063750,4788295,padded_control,6,encoder_block_6,0.5298182964324951,-2.4263763427734375,-2.9561946392059326
informationbaz_random_4,informationbaz,random,4,1063750,4788295,padded_control,7,encoder_block_7,0.5334460735321045,-2.4641077518463135,-2.997553825378418
informationbaz_random_4,informationbaz,random,4,1063750,4788295,padded_control,8,encoder_block_8,0.7481739521026611,-2.1351335048675537,-2.883307456970215
informationbaz_random_4,informationbaz,random,4,1063750,4788295,padded_control,9,encoder_block_9,0.8262432813644409,-1.8984249830245972,-2.724668264389038
informationbaz_random_4,informationbaz,random,4,1063750,4788295,padded_control,10,encoder_block_10,0.6443369388580322,-2.432769536972046,-3.077106475830078
informationbaz_random_4,informationbaz,random,4,1063750,4788295,padded_control,11,encoder_block_11,1.5419230461120605,-2.1999435424804688,-3.7418665885925293
informationbaz_random_4,informationbaz,random,4,1063750,4788295,padded_control,12,encoder_block_12,3.5081653594970703,-4.209131240844727,-7.717296600341797
informationbaz_random_4,informationbaz,random,4,1063750,4788295,attack,0,embedding,0.5173981189727783,-3.212601900100708,-3.7300000190734863
informationbaz_random_4,informationbaz,random,4,1063750,4788295,attack,1,encoder_block_1,0.22730588912963867,-4.2117533683776855,-4.439059257507324
informationbaz_random_4,informationbaz,random,4,1063750,4788295,attack,2,encoder_block_2,0.08836030960083008,-3.625762462615967,-3.714122772216797
informationbaz_random_4,informationbaz,random,4,1063750,4788295,attack,3,encoder_block_3,0.029567718505859375,-3.084165573120117,-3.1137332916259766
informationbaz_random_4,informationbaz,random,4,1063750,4788295,attack,4,encoder_block_4,0.29335737228393555,-2.535282850265503,-2.8286402225494385
informationbaz_random_4,informationbaz,random,4,1063750,4788295,attack,5,encoder_block_5,0.40283966064453125,-2.1964077949523926,-2.599247455596924
informationbaz_random_4,informationbaz,random,4,1063750,4788295,attack,6,encoder_block_6,0.4477653503417969,-1.9482007026672363,-2.395966053009033
informationbaz_random_4,informationbaz,random,4,1063750,4788295,attack,7,encoder_block_7,0.45003557205200195,-1.9926295280456543,-2.4426651000976562
informationbaz_random_4,informationbaz,random,4,1063750,4788295,attack,8,encoder_block_8,0.6947603225708008,-1.6820662021636963,-2.376826524734497
informationbaz_random_4,informationbaz,random,4,1063750,4788295,attack,9,encoder_block_9,0.7941926717758179,-1.5403653383255005,-2.3345580101013184
informationbaz_random_4,informationbaz,random,4,1063750,4788295,attack,10,encoder_block_10,0.6794707775115967,-2.0908262729644775,-2.770297050476074
informationbaz_random_4,informationbaz,random,4,1063750,4788295,attack,11,encoder_block_11,1.5971754789352417,-1.8185120820999146,-3.4156875610351562
informationbaz_random_4,informationbaz,random,4,1063750,4788295,attack,12,encoder_block_12,2.940504550933838,-2.3217825889587402,-5.262287139892578
informationbaz_random_4,informationbaz,random,4,1103812,3843267,original,0,embedding,1.1385068893432617,-4.458761215209961,-5.597268104553223
informationbaz_random_4,informationbaz,random,4,1103812,3843267,original,1,encoder_block_1,0.7724995613098145,-3.8900485038757324,-4.662548065185547
informationbaz_random_4,informationbaz,random,4,1103812,3843267,original,2,encoder_block_2,0.8877558708190918,-4.459498882293701,-5.347254753112793
informationbaz_random_4,informationbaz,random,4,1103812,3843267,original,3,encoder_block_3,0.6147010326385498,-3.78078293800354,-4.39548397064209
informationbaz_random_4,informationbaz,random,4,1103812,3843267,original,4,encoder_block_4,0.3889913558959961,-3.6373090744018555,-4.026300430297852
informationbaz_random_4,informationbaz,random,4,1103812,3843267,original,5,encoder_block_5,0.19424986839294434,-3.597586154937744,-3.7918360233306885
informationbaz_random_4,informationbaz,random,4,1103812,3843267,original,6,encoder_block_6,0.14090585708618164,-3.3718583583831787,-3.5127642154693604
informationbaz_random_4,informationbaz,random,4,1103812,3843267,original,7,encoder_block_7,0.18425631523132324,-3.450483560562134,-3.634739875793457
informationbaz_random_4,informationbaz,random,4,1103812,3843267,original,8,encoder_block_8,0.17078900337219238,-3.530860185623169,-3.7016491889953613
informationbaz_random_4,informationbaz,random,4,1103812,3843267,original,9,encoder_block_9,0.3361358642578125,-3.385582208633423,-3.7217180728912354
informationbaz_random_4,informationbaz,random,4,1103812,3843267,original,10,encoder_block_10,0.09345126152038574,-3.6498310565948486,-3.7432823181152344
informationbaz_random_4,informationbaz,random,4,1103812,3843267,original,11,encoder_block_11,1.2669405937194824,-5.346826076507568,-6.613766670227051
informationbaz_random_4,informationbaz,random,4,1103812,3843267,original,12,encoder_block_12,4.076918601989746,-7.189253807067871,-11.266172409057617
informationbaz_random_4,informationbaz,random,4,1103812,3843267,padded_control,0,embedding,1.13850736618042,-4.458760738372803,-5.597268104553223
informationbaz_random_4,informationbaz,random,4,1103812,3843267,padded_control,1,encoder_block_1,0.7731328010559082,-3.9335694313049316,-4.70670223236084
informationbaz_random_4,informationbaz,random,4,1103812,3843267,padded_control,2,encoder_block_2,0.8840904235839844,-4.5305328369140625,-5.414623260498047
informationbaz_random_4,informationbaz,random,4,1103812,3843267,padded_control,3,encoder_block_3,0.6170659065246582,-3.8149304389953613,-4.4319963455200195
informationbaz_random_4,informationbaz,random,4,1103812,3843267,padded_control,4,encoder_block_4,0.389876127243042,-3.6854708194732666,-4.075346946716309
informationbaz_random_4,informationbaz,random,4,1103812,3843267,padded_control,5,encoder_block_5,0.19198822975158691,-3.629662036895752,-3.821650266647339
informationbaz_random_4,informationbaz,random,4,1103812,3843267,padded_control,6,encoder_block_6,0.14456582069396973,-3.414780855178833,-3.5593466758728027
informationbaz_random_4,informationbaz,random,4,1103812,3843267,padded_control,7,encoder_block_7,0.1797943115234375,-3.4932665824890137,-3.673060894012451
informationbaz_random_4,informationbaz,random,4,1103812,3843267,padded_control,8,encoder_block_8,0.16278886795043945,-3.5846142768859863,-3.747403144836426
informationbaz_random_4,informationbaz,random,4,1103812,3843267,padded_control,9,encoder_block_9,0.3136632442474365,-3.3953869342803955,-3.709050178527832
informationbaz_random_4,informationbaz,random,4,1103812,3843267,padded_control,10,encoder_block_10,0.09799981117248535,-3.597773313522339,-3.695773124694824
informationbaz_random_4,informationbaz,random,4,1103812,3843267,padded_control,11,encoder_block_11,1.194173812866211,-5.000650405883789,-6.19482421875
informationbaz_random_4,informationbaz,random,4,1103812,3843267,padded_control,12,encoder_block_12,3.9691944122314453,-6.64344596862793,-10.612640380859375
informationbaz_random_4,informationbaz,random,4,1103812,3843267,attack,0,embedding,0.928950309753418,-4.213648796081543,-5.142599105834961
informationbaz_random_4,informationbaz,random,4,1103812,3843267,attack,1,encoder_block_1,0.5727577209472656,-3.5698490142822266,-4.142606735229492
informationbaz_random_4,informationbaz,random,4,1103812,3843267,attack,2,encoder_block_2,0.7315952777862549,-3.8835999965667725,-4.615195274353027
informationbaz_random_4,informationbaz,random,4,1103812,3843267,attack,3,encoder_block_3,0.5726549625396729,-3.1252784729003906,-3.6979334354400635
informationbaz_random_4,informationbaz,random,4,1103812,3843267,attack,4,encoder_block_4,0.41672492027282715,-2.927816152572632,-3.344541072845459
informationbaz_random_4,informationbaz,random,4,1103812,3843267,attack,5,encoder_block_5,0.2538881301879883,-3.0746045112609863,-3.3284926414489746
informationbaz_random_4,informationbaz,random,4,1103812,3843267,attack,6,encoder_block_6,0.16903066635131836,-2.850329875946045,-3.0193605422973633
informationbaz_random_4,informationbaz,random,4,1103812,3843267,attack,7,encoder_block_7,0.19792890548706055,-3.0195956230163574,-3.217524528503418
informationbaz_random_4,informationbaz,random,4,1103812,3843267,attack,8,encoder_block_8,0.18996667861938477,-3.2496633529663086,-3.4396300315856934
informationbaz_random_4,informationbaz,random,4,1103812,3843267,attack,9,encoder_block_9,0.33446693420410156,-3.2077083587646484,-3.54217529296875
informationbaz_random_4,informationbaz,random,4,1103812,3843267,attack,10,encoder_block_10,0.0802452564239502,-3.536825656890869,-3.6170709133148193
informationbaz_random_4,informationbaz,random,4,1103812,3843267,attack,11,encoder_block_11,1.010240077972412,-4.986135005950928,-5.99637508392334
informationbaz_random_4,informationbaz,random,4,1103812,3843267,attack,12,encoder_block_12,3.8446755409240723,-5.943374156951904,-9.788049697875977
informationbaz_random_4,informationbaz,random,4,1106007,6126194,original,0,embedding,0.9976165294647217,-3.5319173336029053,-4.529533863067627
informationbaz_random_4,informationbaz,random,4,1106007,6126194,original,1,encoder_block_1,1.4154257774353027,-4.52904748916626,-5.9444732666015625
informationbaz_random_4,informationbaz,random,4,1106007,6126194,original,2,encoder_block_2,1.6524105072021484,-4.560168743133545,-6.212579250335693
informationbaz_random_4,informationbaz,random,4,1106007,6126194,original,3,encoder_block_3,1.462425947189331,-3.5199649333953857,-4.982390880584717
informationbaz_random_4,informationbaz,random,4,1106007,6126194,original,4,encoder_block_4,1.8070693016052246,-3.583080768585205,-5.39015007019043
informationbaz_random_4,informationbaz,random,4,1106007,6126194,original,5,encoder_block_5,1.7888007164001465,-3.4204611778259277,-5.209261894226074
informationbaz_random_4,informationbaz,random,4,1106007,6126194,original,6,encoder_block_6,1.7590737342834473,-3.2366013526916504,-4.995675086975098
informationbaz_random_4,informationbaz,random,4,1106007,6126194,original,7,encoder_block_7,1.847627878189087,-2.9954535961151123,-4.843081474304199
informationbaz_random_4,informationbaz,random,4,1106007,6126194,original,8,encoder_block_8,1.8653674125671387,-2.779371738433838,-4.644739151000977
informationbaz_random_4,informationbaz,random,4,1106007,6126194,original,9,encoder_block_9,1.8352789878845215,-2.4552345275878906,-4.290513515472412
informationbaz_random_4,informationbaz,random,4,1106007,6126194,original,10,encoder_block_10,1.9322757720947266,-2.4430465698242188,-4.375322341918945
informationbaz_random_4,informationbaz,random,4,1106007,6126194,original,11,encoder_block_11,2.2114975452423096,-1.4331700801849365,-3.644667625427246
informationbaz_random_4,informationbaz,random,4,1106007,6126194,original,12,encoder_block_12,-0.03405660390853882,0.32921063899993896,0.3632672429084778
informationbaz_random_4,informationbaz,random,4,1106007,6126194,padded_control,0,embedding,0.9976167678833008,-3.531918525695801,-4.529535293579102
informationbaz_random_4,informationbaz,random,4,1106007,6126194,padded_control,1,encoder_block_1,1.4222040176391602,-4.557868003845215,-5.980072021484375
informationbaz_random_4,informationbaz,random,4,1106007,6126194,padded_control,2,encoder_block_2,1.644763469696045,-4.559513568878174,-6.204277038574219
informationbaz_random_4,informationbaz,random,4,1106007,6126194,padded_control,3,encoder_block_3,1.4497959613800049,-3.5354678630828857,-4.985263824462891
informationbaz_random_4,informationbaz,random,4,1106007,6126194,padded_control,4,encoder_block_4,1.7926108837127686,-3.572036027908325,-5.364646911621094
informationbaz_random_4,informationbaz,random,4,1106007,6126194,padded_control,5,encoder_block_5,1.7749838829040527,-3.434694766998291,-5.209678649902344
informationbaz_random_4,informationbaz,random,4,1106007,6126194,padded_control,6,encoder_block_6,1.7447006702423096,-3.2451064586639404,-4.98980712890625
informationbaz_random_4,informationbaz,random,4,1106007,6126194,padded_control,7,encoder_block_7,1.8360681533813477,-3.045442581176758,-4.8815107345581055
informationbaz_random_4,informationbaz,random,4,1106007,6126194,padded_control,8,encoder_block_8,1.8268585205078125,-2.8278703689575195,-4.654728889465332
informationbaz_random_4,informationbaz,random,4,1106007,6126194,padded_control,9,encoder_block_9,1.8215904235839844,-2.5069093704223633,-4.328499794006348
informationbaz_random_4,informationbaz,random,4,1106007,6126194,padded_control,10,encoder_block_10,1.9088549613952637,-2.467503070831299,-4.3763580322265625
informationbaz_random_4,informationbaz,random,4,1106007,6126194,padded_control,11,encoder_block_11,2.20469868183136,-1.4893492460250854,-3.6940479278564453
informationbaz_random_4,informationbaz,random,4,1106007,6126194,padded_control,12,encoder_block_12,0.17874813079833984,0.49577057361602783,0.317022442817688
informationbaz_random_4,informationbaz,random,4,1106007,6126194,attack,0,embedding,0.8999366760253906,-3.5817394256591797,-4.48167610168457
informationbaz_random_4,informationbaz,random,4,1106007,6126194,attack,1,encoder_block_1,1.2049522399902344,-4.862003326416016,-6.06695556640625
informationbaz_random_4,informationbaz,random,4,1106007,6126194,attack,2,encoder_block_2,1.3208932876586914,-4.637145042419434,-5.958038330078125
informationbaz_random_4,informationbaz,random,4,1106007,6126194,attack,3,encoder_block_3,1.262251377105713,-3.2585692405700684,-4.520820617675781
informationbaz_random_4,informationbaz,random,4,1106007,6126194,attack,4,encoder_block_4,1.6070220470428467,-3.1194241046905518,-4.726446151733398
informationbaz_random_4,informationbaz,random,4,1106007,6126194,attack,5,encoder_block_5,1.6175107955932617,-3.093740463256836,-4.711251258850098
informationbaz_random_4,informationbaz,random,4,1106007,6126194,attack,6,encoder_block_6,1.6130430698394775,-2.9123523235321045,-4.525395393371582
informationbaz_random_4,informationbaz,random,4,1106007,6126194,attack,7,encoder_block_7,1.6070482730865479,-2.641446352005005,-4.248494625091553
informationbaz_random_4,informationbaz,random,4,1106007,6126194,attack,8,encoder_block_8,1.693739891052246,-2.4787979125976562,-4.172537803649902
informationbaz_random_4,informationbaz,random,4,1106007,6126194,attack,9,encoder_block_9,1.7362992763519287,-2.1429178714752197,-3.8792171478271484
informationbaz_random_4,informationbaz,random,4,1106007,6126194,attack,10,encoder_block_10,1.8383502960205078,-2.1703596115112305,-4.008709907531738
informationbaz_random_4,informationbaz,random,4,1106007,6126194,attack,11,encoder_block_11,2.1098657846450806,-1.3235028982162476,-3.433368682861328
informationbaz_random_4,informationbaz,random,4,1106007,6126194,attack,12,encoder_block_12,-0.636537492275238,-0.5775376558303833,0.058999836444854736
informationbaz_random_4,informationbaz,random,4,1110199,3838645,original,0,embedding,1.0928163528442383,-4.42293643951416,-5.515752792358398
informationbaz_random_4,informationbaz,random,4,1110199,3838645,original,1,encoder_block_1,0.8770804405212402,-4.002486705780029,-4.8795671463012695
informationbaz_random_4,informationbaz,random,4,1110199,3838645,original,2,encoder_block_2,1.0785207748413086,-4.101319313049316,-5.179840087890625
informationbaz_random_4,informationbaz,random,4,1110199,3838645,original,3,encoder_block_3,1.0863182544708252,-3.6119019985198975,-4.698220252990723
informationbaz_random_4,informationbaz,random,4,1110199,3838645,original,4,encoder_block_4,1.153496265411377,-3.224954605102539,-4.378450870513916
informationbaz_random_4,informationbaz,random,4,1110199,3838645,original,5,encoder_block_5,1.1691253185272217,-2.712467670440674,-3.8815929889678955
informationbaz_random_4,informationbaz,random,4,1110199,3838645,original,6,encoder_block_6,1.2261219024658203,-2.7560715675354004,-3.9821934700012207
informationbaz_random_4,informationbaz,random,4,1110199,3838645,original,7,encoder_block_7,1.3570709228515625,-2.939826011657715,-4.296896934509277
informationbaz_random_4,informationbaz,random,4,1110199,3838645,original,8,encoder_block_8,1.4313509464263916,-3.0223796367645264,-4.453730583190918
informationbaz_random_4,informationbaz,random,4,1110199,3838645,original,9,encoder_block_9,1.4866671562194824,-2.5590052604675293,-4.045672416687012
informationbaz_random_4,informationbaz,random,4,1110199,3838645,original,10,encoder_block_10,1.481736660003662,-2.292722702026367,-3.7744593620300293
informationbaz_random_4,informationbaz,random,4,1110199,3838645,original,11,encoder_block_11,1.350864052772522,-1.7174104452133179,-3.06827449798584
informationbaz_random_4,informationbaz,random,4,1110199,3838645,original,12,encoder_block_12,1.8936622440814972,0.0221119225025177,-1.8715503215789795
informationbaz_random_4,informationbaz,random,4,1110199,3838645,padded_control,0,embedding,1.0928173065185547,-4.422935485839844,-5.515752792358398
informationbaz_random_4,informationbaz,random,4,1110199,3838645,padded_control,1,encoder_block_1,0.8826956748962402,-4.016220569610596,-4.898916244506836
informationbaz_random_4,informationbaz,random,4,1110199,3838645,padded_control,2,encoder_block_2,1.0666112899780273,-4.140303611755371,-5.206914901733398
informationbaz_random_4,informationbaz,random,4,1110199,3838645,padded_control,3,encoder_block_3,1.0969460010528564,-3.6501691341400146,-4.747115135192871
informationbaz_random_4,informationbaz,random,4,1110199,3838645,padded_control,4,encoder_block_4,1.1890122890472412,-3.2525932788848877,-4.441605567932129
informationbaz_random_4,informationbaz,random,4,1110199,3838645,padded_control,5,encoder_block_5,1.2152495384216309,-2.7455735206604004,-3.9608230590820312
informationbaz_random_4,informationbaz,random,4,1110199,3838645,padded_control,6,encoder_block_6,1.2629058361053467,-2.7588579654693604,-4.021763801574707
informationbaz_random_4,informationbaz,random,4,1110199,3838645,padded_control,7,encoder_block_7,1.383908748626709,-2.9519267082214355,-4.3358354568481445
informationbaz_random_4,informationbaz,random,4,1110199,3838645,padded_control,8,encoder_block_8,1.4507575035095215,-3.028557300567627,-4.479314804077148
informationbaz_random_4,informationbaz,random,4,1110199,3838645,padded_control,9,encoder_block_9,1.5045661926269531,-2.508601665496826,-4.013167858123779
informationbaz_random_4,informationbaz,random,4,1110199,3838645,padded_control,10,encoder_block_10,1.4889397621154785,-2.2254509925842285,-3.714390754699707
informationbaz_random_4,informationbaz,random,4,1110199,3838645,padded_control,11,encoder_block_11,1.3503215312957764,-1.6753158569335938,-3.02563738822937
informationbaz_random_4,informationbaz,random,4,1110199,3838645,padded_control,12,encoder_block_12,1.8999054431915283,0.011361122131347656,-1.8885443210601807
informationbaz_random_4,informationbaz,random,4,1110199,3838645,attack,0,embedding,0.9035019874572754,-4.350354194641113,-5.253856182098389
informationbaz_random_4,informationbaz,random,4,1110199,3838645,attack,1,encoder_block_1,0.7951869964599609,-3.952979564666748,-4.748166561126709
informationbaz_random_4,informationbaz,random,4,1110199,3838645,attack,2,encoder_block_2,0.9430863857269287,-3.753059148788452,-4.696145534515381
informationbaz_random_4,informationbaz,random,4,1110199,3838645,attack,3,encoder_block_3,0.9842090606689453,-3.288684844970703,-4.272893905639648
informationbaz_random_4,informationbaz,random,4,1110199,3838645,attack,4,encoder_block_4,1.0662579536437988,-2.7506766319274902,-3.816934585571289
informationbaz_random_4,informationbaz,random,4,1110199,3838645,attack,5,encoder_block_5,1.1847405433654785,-2.2919414043426514,-3.47668194770813
informationbaz_random_4,informationbaz,random,4,1110199,3838645,attack,6,encoder_block_6,1.241156816482544,-2.154337167739868,-3.395493984222412
informationbaz_random_4,informationbaz,random,4,1110199,3838645,attack,7,encoder_block_7,1.3805584907531738,-2.260051727294922,-3.6406102180480957
informationbaz_random_4,informationbaz,random,4,1110199,3838645,attack,8,encoder_block_8,1.545649766921997,-2.2515788078308105,-3.7972285747528076
informationbaz_random_4,informationbaz,random,4,1110199,3838645,attack,9,encoder_block_9,1.6204092502593994,-2.0130536556243896,-3.633462905883789
informationbaz_random_4,informationbaz,random,4,1110199,3838645,attack,10,encoder_block_10,1.6521599292755127,-1.9341497421264648,-3.5863096714019775
informationbaz_random_4,informationbaz,random,4,1110199,3838645,attack,11,encoder_block_11,1.502638578414917,-1.5065653324127197,-3.0092039108276367
informationbaz_random_4,informationbaz,random,4,1110199,3838645,attack,12,encoder_block_12,1.973203182220459,-0.140669584274292,-2.113872766494751
informationbaz_random_4,informationbaz,random,4,1112341,8139256,original,0,embedding,1.4486327171325684,-3.565077781677246,-5.0137104988098145
informationbaz_random_4,informationbaz,random,4,1112341,8139256,original,1,encoder_block_1,1.6813530921936035,-4.024186134338379,-5.705539226531982
informationbaz_random_4,informationbaz,random,4,1112341,8139256,original,2,encoder_block_2,1.7492218017578125,-4.148711204528809,-5.897933006286621
informationbaz_random_4,informationbaz,random,4,1112341,8139256,original,3,encoder_block_3,1.811652660369873,-3.8085622787475586,-5.620214939117432
informationbaz_random_4,informationbaz,random,4,1112341,8139256,original,4,encoder_block_4,1.7302699089050293,-3.548011302947998,-5.278281211853027
informationbaz_random_4,informationbaz,random,4,1112341,8139256,original,5,encoder_block_5,1.7417261600494385,-3.1943881511688232,-4.936114311218262
informationbaz_random_4,informationbaz,random,4,1112341,8139256,original,6,encoder_block_6,1.6763277053833008,-2.755263328552246,-4.431591033935547
informationbaz_random_4,informationbaz,random,4,1112341,8139256,original,7,encoder_block_7,1.8838441371917725,-2.7724945545196533,-4.656338691711426
informationbaz_random_4,informationbaz,random,4,1112341,8139256,original,8,encoder_block_8,2.119479179382324,-2.8146963119506836,-4.934175491333008
informationbaz_random_4,informationbaz,random,4,1112341,8139256,original,9,encoder_block_9,2.1432199478149414,-2.9861550331115723,-5.129374980926514
informationbaz_random_4,informationbaz,random,4,1112341,8139256,original,10,encoder_block_10,2.1970181465148926,-2.932075023651123,-5.129093170166016
informationbaz_random_4,informationbaz,random,4,1112341,8139256,original,11,encoder_block_11,3.5947413444519043,-4.268767833709717,-7.863509178161621
informationbaz_random_4,informationbaz,random,4,1112341,8139256,original,12,encoder_block_12,6.284547805786133,-14.456926345825195,-20.741474151611328
informationbaz_random_4,informationbaz,random,4,1112341,8139256,padded_control,0,embedding,1.448634147644043,-3.565077781677246,-5.013711929321289
informationbaz_random_4,informationbaz,random,4,1112341,8139256,padded_control,1,encoder_block_1,1.6850509643554688,-4.061575889587402,-5.746626853942871
informationbaz_random_4,informationbaz,random,4,1112341,8139256,padded_control,2,encoder_block_2,1.7538137435913086,-4.194282531738281,-5.94809627532959
informationbaz_random_4,informationbaz,random,4,1112341,8139256,padded_control,3,encoder_block_3,1.8299131393432617,-3.8570404052734375,-5.686953544616699
informationbaz_random_4,informationbaz,random,4,1112341,8139256,padded_control,4,encoder_block_4,1.748093605041504,-3.599012851715088,-5.347106456756592
informationbaz_random_4,informationbaz,random,4,1112341,8139256,padded_control,5,encoder_block_5,1.773228645324707,-3.245915412902832,-5.019144058227539
informationbaz_random_4,informationbaz,random,4,1112341,8139256,padded_control,6,encoder_block_6,1.6982169151306152,-2.8094282150268555,-4.507645130157471
informationbaz_random_4,informationbaz,random,4,1112341,8139256,padded_control,7,encoder_block_7,1.8861029148101807,-2.843139410018921,-4.729242324829102
informationbaz_random_4,informationbaz,random,4,1112341,8139256,padded_control,8,encoder_block_8,2.148186683654785,-2.861666679382324,-5.009853363037109
informationbaz_random_4,informationbaz,random,4,1112341,8139256,padded_control,9,encoder_block_9,2.1516826152801514,-3.044147253036499,-5.19582986831665
informationbaz_random_4,informationbaz,random,4,1112341,8139256,padded_control,10,encoder_block_10,2.2614693641662598,-2.994324207305908,-5.255793571472168
informationbaz_random_4,informationbaz,random,4,1112341,8139256,padded_control,11,encoder_block_11,3.8261842727661133,-4.592329978942871,-8.418514251708984
informationbaz_random_4,informationbaz,random,4,1112341,8139256,padded_control,12,encoder_block_12,6.456241607666016,-15.07598876953125,-21.532230377197266
informationbaz_random_4,informationbaz,random,4,1112341,8139256,attack,0,embedding,1.2465131282806396,-3.5778748989105225,-4.824388027191162
informationbaz_random_4,informationbaz,random,4,1112341,8139256,attack,1,encoder_block_1,1.3327016830444336,-4.181814193725586,-5.5145158767700195
informationbaz_random_4,informationbaz,random,4,1112341,8139256,attack,2,encoder_block_2,1.3389296531677246,-4.09503698348999,-5.433966636657715
informationbaz_random_4,informationbaz,random,4,1112341,8139256,attack,3,encoder_block_3,1.4901959896087646,-3.579162359237671,-5.0693583488464355
informationbaz_random_4,informationbaz,random,4,1112341,8139256,attack,4,encoder_block_4,1.4333710670471191,-3.1824545860290527,-4.615825653076172
informationbaz_random_4,informationbaz,random,4,1112341,8139256,attack,5,encoder_block_5,1.6021416187286377,-2.8717615604400635,-4.473903179168701
informationbaz_random_4,informationbaz,random,4,1112341,8139256,attack,6,encoder_block_6,1.458430528640747,-2.402972936630249,-3.861403465270996
informationbaz_random_4,informationbaz,random,4,1112341,8139256,attack,7,encoder_block_7,1.6730239391326904,-2.438044309616089,-4.111068248748779
informationbaz_random_4,informationbaz,random,4,1112341,8139256,attack,8,encoder_block_8,1.952294111251831,-2.376171827316284,-4.328465938568115
informationbaz_random_4,informationbaz,random,4,1112341,8139256,attack,9,encoder_block_9,1.9727778434753418,-2.5720882415771484,-4.54486608505249
informationbaz_random_4,informationbaz,random,4,1112341,8139256,attack,10,encoder_block_10,2.3229262828826904,-2.706578493118286,-5.029504776000977
informationbaz_random_4,informationbaz,random,4,1112341,8139256,attack,11,encoder_block_11,3.8974270820617676,-4.013158321380615,-7.910585403442383
informationbaz_random_4,informationbaz,random,4,1112341,8139256,attack,12,encoder_block_12,6.5065202713012695,-15.177666664123535,-21.684186935424805
informationbaz_random_4,informationbaz,random,4,1113437,4981632,original,0,embedding,0.31800079345703125,-3.235748767852783,-3.5537495613098145
informationbaz_random_4,informationbaz,random,4,1113437,4981632,original,1,encoder_block_1,0.47313880920410156,-3.316035747528076,-3.7891745567321777
informationbaz_random_4,informationbaz,random,4,1113437,4981632,original,2,encoder_block_2,0.6836404800415039,-3.209840774536133,-3.8934812545776367
informationbaz_random_4,informationbaz,random,4,1113437,4981632,original,3,encoder_block_3,0.8600368499755859,-2.811741352081299,-3.6717782020568848
informationbaz_random_4,informationbaz,random,4,1113437,4981632,original,4,encoder_block_4,0.9526767730712891,-2.382863998413086,-3.335540771484375
informationbaz_random_4,informationbaz,random,4,1113437,4981632,original,5,encoder_block_5,0.9148330688476562,-2.0497608184814453,-2.9645938873291016
informationbaz_random_4,informationbaz,random,4,1113437,4981632,original,6,encoder_block_6,1.059793472290039,-1.9459595680236816,-3.0057530403137207
informationbaz_random_4,informationbaz,random,4,1113437,4981632,original,7,encoder_block_7,1.1850385665893555,-1.9144129753112793,-3.0994515419006348
informationbaz_random_4,informationbaz,random,4,1113437,4981632,original,8,encoder_block_8,1.2380499839782715,-2.0517430305480957,-3.289793014526367
informationbaz_random_4,informationbaz,random,4,1113437,4981632,original,9,encoder_block_9,1.3934805393218994,-1.3435513973236084,-2.737031936645508
informationbaz_random_4,informationbaz,random,4,1113437,4981632,original,10,encoder_block_10,1.3988949060440063,-1.748007893562317,-3.1469027996063232
informationbaz_random_4,informationbaz,random,4,1113437,4981632,original,11,encoder_block_11,1.1189368963241577,-1.1138864755630493,-2.232823371887207
informationbaz_random_4,informationbaz,random,4,1113437,4981632,original,12,encoder_block_12,-1.7963993549346924,-3.22458553314209,-1.4281861782073975
informationbaz_random_4,informationbaz,random,4,1113437,4981632,padded_control,0,embedding,0.31800031661987305,-3.235748052597046,-3.553748369216919
informationbaz_random_4,informationbaz,random,4,1113437,4981632,padded_control,1,encoder_block_1,0.4802560806274414,-3.2936477661132812,-3.7739038467407227
informationbaz_random_4,informationbaz,random,4,1113437,4981632,padded_control,2,encoder_block_2,0.6863276958465576,-3.194030523300171,-3.8803582191467285
informationbaz_random_4,informationbaz,random,4,1113437,4981632,padded_control,3,encoder_block_3,0.8522558212280273,-2.7636938095092773,-3.6159496307373047
informationbaz_random_4,informationbaz,random,4,1113437,4981632,padded_control,4,encoder_block_4,0.9438047409057617,-2.317330837249756,-3.2611355781555176
informationbaz_random_4,informationbaz,random,4,1113437,4981632,padded_control,5,encoder_block_5,0.9076628684997559,-2.0024611949920654,-2.9101240634918213
informationbaz_random_4,informationbaz,random,4,1113437,4981632,padded_control,6,encoder_block_6,1.0507996082305908,-1.9165258407592773,-2.967325448989868
informationbaz_random_4,informationbaz,random,4,1113437,4981632,padded_control,7,encoder_block_7,1.1656806468963623,-1.9082448482513428,-3.073925495147705
informationbaz_random_4,informationbaz,random,4,1113437,4981632,padded_control,8,encoder_block_8,1.2338454723358154,-2.076035737991333,-3.3098812103271484
informationbaz_random_4,informationbaz,random,4,1113437,4981632,padded_control,9,encoder_block_9,1.3931081295013428,-1.3581287860870361,-2.751236915588379
informationbaz_random_4,informationbaz,random,4,1113437,4981632,padded_control,10,encoder_block_10,1.427833080291748,-1.783459186553955,-3.211292266845703
informationbaz_random_4,informationbaz,random,4,1113437,4981632,padded_control,11,encoder_block_11,1.1721975803375244,-1.1676769256591797,-2.339874505996704
informationbaz_random_4,informationbaz,random,4,1113437,4981632,padded_control,12,encoder_block_12,-1.1726762056350708,-2.0692479610443115,-0.8965717554092407
informationbaz_random_4,informationbaz,random,4,1113437,4981632,attack,0,embedding,0.26462674140930176,-3.353466749191284,-3.618093490600586
informationbaz_random_4,informationbaz,random,4,1113437,4981632,attack,1,encoder_block_1,0.3088958263397217,-3.244560956954956,-3.5534567832946777
informationbaz_random_4,informationbaz,random,4,1113437,4981632,attack,2,encoder_block_2,0.5052309036254883,-2.9828782081604004,-3.4881091117858887
informationbaz_random_4,informationbaz,random,4,1113437,4981632,attack,3,encoder_block_3,0.7292089462280273,-2.3080201148986816,-3.037229061126709
informationbaz_random_4,informationbaz,random,4,1113437,4981632,attack,4,encoder_block_4,0.853926420211792,-1.5336406230926514,-2.3875670433044434
informationbaz_random_4,informationbaz,random,4,1113437,4981632,attack,5,encoder_block_5,0.8735862970352173,-1.3290971517562866,-2.202683448791504
informationbaz_random_4,informationbaz,random,4,1113437,4981632,attack,6,encoder_block_6,0.9862103462219238,-1.1197166442871094,-2.105926990509033
informationbaz_random_4,informationbaz,random,4,1113437,4981632,attack,7,encoder_block_7,1.116414189338684,-1.3459805250167847,-2.4623947143554688
informationbaz_random_4,informationbaz,random,4,1113437,4981632,attack,8,encoder_block_8,1.2227890491485596,-1.5106534957885742,-2.733442544937134
informationbaz_random_4,informationbaz,random,4,1113437,4981632,attack,9,encoder_block_9,1.3508977890014648,-1.1295897960662842,-2.480487585067749
informationbaz_random_4,informationbaz,random,4,1113437,4981632,attack,10,encoder_block_10,1.3730874061584473,-1.7341885566711426,-3.10727596282959
informationbaz_random_4,informationbaz,random,4,1113437,4981632,attack,11,encoder_block_11,1.2258796691894531,-1.3610544204711914,-2.5869340896606445
informationbaz_random_4,informationbaz,random,4,1113437,4981632,attack,12,encoder_block_12,-1.4446759223937988,-2.373196601867676,-0.928520679473877
informationbaz_random_4,informationbaz,random,4,1114646,8117094,original,0,embedding,1.2560265064239502,-2.6508259773254395,-3.9068524837493896
informationbaz_random_4,informationbaz,random,4,1114646,8117094,original,1,encoder_block_1,0.8694207668304443,-2.2590601444244385,-3.128480911254883
informationbaz_random_4,informationbaz,random,4,1114646,8117094,original,2,encoder_block_2,0.6403050422668457,-2.03100848197937,-2.671313524246216
informationbaz_random_4,informationbaz,random,4,1114646,8117094,original,3,encoder_block_3,0.3328970670700073,-1.8681923151016235,-2.201089382171631
informationbaz_random_4,informationbaz,random,4,1114646,8117094,original,4,encoder_block_4,0.2564983367919922,-1.9191226959228516,-2.1756210327148438
informationbaz_random_4,informationbaz,random,4,1114646,8117094,original,5,encoder_block_5,0.15121912956237793,-1.8602726459503174,-2.0114917755126953
informationbaz_random_4,informationbaz,random,4,1114646,8117094,original,6,encoder_block_6,0.04695272445678711,-1.6917752027511597,-1.7387279272079468
informationbaz_random_4,informationbaz,random,4,1114646,8117094,original,7,encoder_block_7,0.10668063163757324,-1.7147371768951416,-1.8214178085327148
informationbaz_random_4,informationbaz,random,4,1114646,8117094,original,8,encoder_block_8,0.2619236707687378,-1.688676357269287,-1.950600028038025
informationbaz_random_4,informationbaz,random,4,1114646,8117094,original,9,encoder_block_9,0.5010157823562622,-1.3252925872802734,-1.8263083696365356
informationbaz_random_4,informationbaz,random,4,1114646,8117094,original,10,encoder_block_10,-0.17776942253112793,-1.691213846206665,-1.513444423675537
informationbaz_random_4,informationbaz,random,4,1114646,8117094,original,11,encoder_block_11,-0.4463258981704712,-1.2543851137161255,-0.8080592155456543
informationbaz_random_4,informationbaz,random,4,1114646,8117094,original,12,encoder_block_12,-2.769918441772461,-4.665277481079102,-1.8953590393066406
informationbaz_random_4,informationbaz,random,4,1114646,8117094,padded_control,0,embedding,1.2560265064239502,-2.6508262157440186,-3.9068527221679688
informationbaz_random_4,informationbaz,random,4,1114646,8117094,padded_control,1,encoder_block_1,0.8688986301422119,-2.2724111080169678,-3.1413097381591797
informationbaz_random_4,informationbaz,random,4,1114646,8117094,padded_control,2,encoder_block_2,0.654022216796875,-2.050839424133301,-2.704861640930176
informationbaz_random_4,informationbaz,random,4,1114646,8117094,padded_control,3,encoder_block_3,0.3321765661239624,-1.8874880075454712,-2.2196645736694336
informationbaz_random_4,informationbaz,random,4,1114646,8117094,padded_control,4,encoder_block_4,0.25436949729919434,-1.9219434261322021,-2.1763129234313965
informationbaz_random_4,informationbaz,random,4,1114646,8117094,padded_control,5,encoder_block_5,0.15769648551940918,-1.8593981266021729,-2.017094612121582
informationbaz_random_4,informationbaz,random,4,1114646,8117094,padded_control,6,encoder_block_6,0.047660231590270996,-1.707742691040039,-1.75540292263031
informationbaz_random_4,informationbaz,random,4,1114646,8117094,padded_control,7,encoder_block_7,0.10142636299133301,-1.714076042175293,-1.815502405166626
informationbaz_random_4,informationbaz,random,4,1114646,8117094,padded_control,8,encoder_block_8,0.2552030086517334,-1.690462589263916,-1.9456655979156494
informationbaz_random_4,informationbaz,random,4,1114646,8117094,padded_control,9,encoder_block_9,0.5000306367874146,-1.3191370964050293,-1.8191677331924438
informationbaz_random_4,informationbaz,random,4,1114646,8117094,padded_control,10,encoder_block_10,-0.1787036657333374,-1.7071945667266846,-1.5284909009933472
informationbaz_random_4,informationbaz,random,4,1114646,8117094,padded_control,11,encoder_block_11,-0.4711889624595642,-1.2698439359664917,-0.7986549735069275
informationbaz_random_4,informationbaz,random,4,1114646,8117094,padded_control,12,encoder_block_12,-2.4485316276550293,-4.113560676574707,-1.6650290489196777
informationbaz_random_4,informationbaz,random,4,1114646,8117094,attack,0,embedding,1.1654102802276611,-2.770602226257324,-3.9360125064849854
informationbaz_random_4,informationbaz,random,4,1114646,8117094,attack,1,encoder_block_1,0.6769344806671143,-2.419995069503784,-3.0969295501708984
informationbaz_random_4,informationbaz,random,4,1114646,8117094,attack,2,encoder_block_2,0.4718437194824219,-1.9965002536773682,-2.46834397315979
informationbaz_random_4,informationbaz,random,4,1114646,8117094,attack,3,encoder_block_3,0.20951485633850098,-1.658983588218689,-1.86849844455719
informationbaz_random_4,informationbaz,random,4,1114646,8117094,attack,4,encoder_block_4,0.11684083938598633,-1.4846171140670776,-1.601457953453064
informationbaz_random_4,informationbaz,random,4,1114646,8117094,attack,5,encoder_block_5,0.045778512954711914,-1.3975944519042969,-1.4433729648590088
informationbaz_random_4,informationbaz,random,4,1114646,8117094,attack,6,encoder_block_6,-0.039204955101013184,-1.2233000993728638,-1.1840951442718506
informationbaz_random_4,informationbaz,random,4,1114646,8117094,attack,7,encoder_block_7,0.01021873950958252,-1.262404203414917,-1.2726229429244995
informationbaz_random_4,informationbaz,random,4,1114646,8117094,attack,8,encoder_block_8,0.2038726806640625,-1.1865688562393188,-1.3904415369033813
informationbaz_random_4,informationbaz,random,4,1114646,8117094,attack,9,encoder_block_9,0.4712790250778198,-0.9548567533493042,-1.426135778427124
informationbaz_random_4,informationbaz,random,4,1114646,8117094,attack,10,encoder_block_10,-0.05930948257446289,-1.4139103889465332,-1.3546009063720703
informationbaz_random_4,informationbaz,random,4,1114646,8117094,attack,11,encoder_block_11,-0.2659391760826111,-1.1225380897521973,-0.8565989136695862
informationbaz_random_4,informationbaz,random,4,1114646,8117094,attack,12,encoder_block_12,-2.0468974113464355,-3.156482219696045,-1.1095848083496094
informationbaz_random_4,informationbaz,random,4,1114819,988373,original,0,embedding,0.9550943374633789,-4.3017730712890625,-5.256867408752441
informationbaz_random_4,informationbaz,random,4,1114819,988373,original,1,encoder_block_1,0.733741283416748,-4.262102127075195,-4.995843410491943
informationbaz_random_4,informationbaz,random,4,1114819,988373,original,2,encoder_block_2,0.9232592582702637,-4.547296047210693,-5.470555305480957
informationbaz_random_4,informationbaz,random,4,1114819,988373,original,3,encoder_block_3,0.9273214340209961,-4.043719291687012,-4.971040725708008
informationbaz_random_4,informationbaz,random,4,1114819,988373,original,4,encoder_block_4,0.7061219215393066,-3.8001441955566406,-4.506266117095947
informationbaz_random_4,informationbaz,random,4,1114819,988373,original,5,encoder_block_5,0.5340163707733154,-3.6780340671539307,-4.212050437927246
informationbaz_random_4,informationbaz,random,4,1114819,988373,original,6,encoder_block_6,0.5359745025634766,-3.478158473968506,-4.014132976531982
informationbaz_random_4,informationbaz,random,4,1114819,988373,original,7,encoder_block_7,0.590491771697998,-3.4064526557922363,-3.9969444274902344
informationbaz_random_4,informationbaz,random,4,1114819,988373,original,8,encoder_block_8,0.7944145202636719,-3.737974166870117,-4.532388687133789
informationbaz_random_4,informationbaz,random,4,1114819,988373,original,9,encoder_block_9,0.9916424751281738,-3.596285820007324,-4.587928295135498
informationbaz_random_4,informationbaz,random,4,1114819,988373,original,10,encoder_block_10,0.9822494983673096,-3.6941258907318115,-4.676375389099121
informationbaz_random_4,informationbaz,random,4,1114819,988373,original,11,encoder_block_11,2.536710262298584,-6.042999744415283,-8.579710006713867
informationbaz_random_4,informationbaz,random,4,1114819,988373,original,12,encoder_block_12,4.898218154907227,-11.322900772094727,-16.221118927001953
informationbaz_random_4,informationbaz,random,4,1114819,988373,padded_control,0,embedding,0.9550933837890625,-4.3017730712890625,-5.256866455078125
informationbaz_random_4,informationbaz,random,4,1114819,988373,padded_control,1,encoder_block_1,0.7316598892211914,-4.247663497924805,-4.979323387145996
informationbaz_random_4,informationbaz,random,4,1114819,988373,padded_control,2,encoder_block_2,0.9041891098022461,-4.51844596862793,-5.422635078430176
informationbaz_random_4,informationbaz,random,4,1114819,988373,padded_control,3,encoder_block_3,0.8907737731933594,-4.018787384033203,-4.9095611572265625
informationbaz_random_4,informationbaz,random,4,1114819,988373,padded_control,4,encoder_block_4,0.6615514755249023,-3.8170127868652344,-4.478564262390137
informationbaz_random_4,informationbaz,random,4,1114819,988373,padded_control,5,encoder_block_5,0.5080018043518066,-3.703672409057617,-4.211674213409424
informationbaz_random_4,informationbaz,random,4,1114819,988373,padded_control,6,encoder_block_6,0.5044102668762207,-3.508408546447754,-4.012818813323975
informationbaz_random_4,informationbaz,random,4,1114819,988373,padded_control,7,encoder_block_7,0.5728907585144043,-3.465604305267334,-4.038495063781738
informationbaz_random_4,informationbaz,random,4,1114819,988373,padded_control,8,encoder_block_8,0.7814452648162842,-3.7985918521881104,-4.5800371170043945
informationbaz_random_4,informationbaz,random,4,1114819,988373,padded_control,9,encoder_block_9,0.9724729061126709,-3.6278269290924072,-4.600299835205078
informationbaz_random_4,informationbaz,random,4,1114819,988373,padded_control,10,encoder_block_10,0.9771835803985596,-3.755340337753296,-4.7325239181518555
informationbaz_random_4,informationbaz,random,4,1114819,988373,padded_control,11,encoder_block_11,2.5580015182495117,-6.128077507019043,-8.686079025268555
informationbaz_random_4,informationbaz,random,4,1114819,988373,padded_control,12,encoder_block_12,4.978959083557129,-11.6214017868042,-16.600360870361328
informationbaz_random_4,informationbaz,random,4,1114819,988373,attack,0,embedding,0.46155548095703125,-4.318414211273193,-4.779969692230225
informationbaz_random_4,informationbaz,random,4,1114819,988373,attack,1,encoder_block_1,0.5287179946899414,-4.527429103851318,-5.05614709854126
informationbaz_random_4,informationbaz,random,4,1114819,988373,attack,2,encoder_block_2,0.7608203887939453,-4.240108489990234,-5.00092887878418
informationbaz_random_4,informationbaz,random,4,1114819,988373,attack,3,encoder_block_3,0.8225908279418945,-3.566126823425293,-4.3887176513671875
informationbaz_random_4,informationbaz,random,4,1114819,988373,attack,4,encoder_block_4,0.5283093452453613,-2.997955083847046,-3.5262644290924072
informationbaz_random_4,informationbaz,random,4,1114819,988373,attack,5,encoder_block_5,0.4181673526763916,-3.066701650619507,-3.4848690032958984
informationbaz_random_4,informationbaz,random,4,1114819,988373,attack,6,encoder_block_6,0.4138193130493164,-2.98577618598938,-3.3995954990386963
informationbaz_random_4,informationbaz,random,4,1114819,988373,attack,7,encoder_block_7,0.39818668365478516,-2.928903102874756,-3.327089786529541
informationbaz_random_4,informationbaz,random,4,1114819,988373,attack,8,encoder_block_8,0.7177047729492188,-3.0690431594848633,-3.786747932434082
informationbaz_random_4,informationbaz,random,4,1114819,988373,attack,9,encoder_block_9,0.9022641181945801,-3.167275905609131,-4.069540023803711
informationbaz_random_4,informationbaz,random,4,1114819,988373,attack,10,encoder_block_10,0.8992249965667725,-3.4102985858917236,-4.309523582458496
informationbaz_random_4,informationbaz,random,4,1114819,988373,attack,11,encoder_block_11,2.3829917907714844,-5.608180999755859,-7.991172790527344
informationbaz_random_4,informationbaz,random,4,1114819,988373,attack,12,encoder_block_12,4.661087989807129,-10.262377738952637,-14.923465728759766
informationbaz_random_4,informationbaz,random,4,1115776,8106324,original,0,embedding,0.7555432319641113,-4.635859489440918,-5.391402721405029
informationbaz_random_4,informationbaz,random,4,1115776,8106324,original,1,encoder_block_1,0.3835937976837158,-3.779327154159546,-4.162920951843262
informationbaz_random_4,informationbaz,random,4,1115776,8106324,original,2,encoder_block_2,0.3556666374206543,-3.0708484649658203,-3.4265151023864746
informationbaz_random_4,informationbaz,random,4,1115776,8106324,original,3,encoder_block_3,0.2799062728881836,-2.1725263595581055,-2.452432632446289
informationbaz_random_4,informationbaz,random,4,1115776,8106324,original,4,encoder_block_4,0.06705880165100098,-1.6816602945327759,-1.7487190961837769
informationbaz_random_4,informationbaz,random,4,1115776,8106324,original,5,encoder_block_5,-0.011432766914367676,-1.220402717590332,-1.2089699506759644
informationbaz_random_4,informationbaz,random,4,1115776,8106324,original,6,encoder_block_6,-0.16502100229263306,-1.0053297281265259,-0.8403087258338928
informationbaz_random_4,informationbaz,random,4,1115776,8106324,original,7,encoder_block_7,-0.1488943099975586,-1.253125548362732,-1.1042312383651733
informationbaz_random_4,informationbaz,random,4,1115776,8106324,original,8,encoder_block_8,-0.1795504093170166,-1.190325140953064,-1.0107747316360474
informationbaz_random_4,informationbaz,random,4,1115776,8106324,original,9,encoder_block_9,-0.17327392101287842,-1.1944389343261719,-1.0211650133132935
informationbaz_random_4,informationbaz,random,4,1115776,8106324,original,10,encoder_block_10,-0.2939333915710449,-1.8460607528686523,-1.5521273612976074
informationbaz_random_4,informationbaz,random,4,1115776,8106324,original,11,encoder_block_11,0.9586806297302246,-2.8207030296325684,-3.779383659362793
informationbaz_random_4,informationbaz,random,4,1115776,8106324,original,12,encoder_block_12,1.8031470775604248,-1.8212766647338867,-3.6244237422943115
informationbaz_random_4,informationbaz,random,4,1115776,8106324,padded_control,0,embedding,0.7555427551269531,-4.63585901260376,-5.391401767730713
informationbaz_random_4,informationbaz,random,4,1115776,8106324,padded_control,1,encoder_block_1,0.39897966384887695,-3.750239372253418,-4.149219036102295
informationbaz_random_4,informationbaz,random,4,1115776,8106324,padded_control,2,encoder_block_2,0.3490641117095947,-3.0321218967437744,-3.381186008453369
informationbaz_random_4,informationbaz,random,4,1115776,8106324,padded_control,3,encoder_block_3,0.2867124080657959,-2.1033406257629395,-2.3900530338287354
informationbaz_random_4,informationbaz,random,4,1115776,8106324,padded_control,4,encoder_block_4,0.08642458915710449,-1.6224408149719238,-1.7088654041290283
informationbaz_random_4,informationbaz,random,4,1115776,8106324,padded_control,5,encoder_block_5,-0.006383538246154785,-1.2029331922531128,-1.196549654006958
informationbaz_random_4,informationbaz,random,4,1115776,8106324,padded_control,6,encoder_block_6,-0.14118796586990356,-0.9580501914024353,-0.8168622255325317
informationbaz_random_4,informationbaz,random,4,1115776,8106324,padded_control,7,encoder_block_7,-0.1252199411392212,-1.2001897096633911,-1.07496976852417
informationbaz_random_4,informationbaz,random,4,1115776,8106324,padded_control,8,encoder_block_8,-0.189433753490448,-1.1403499841690063,-0.9509162306785583
informationbaz_random_4,informationbaz,random,4,1115776,8106324,padded_control,9,encoder_block_9,-0.20216763019561768,-1.2303404808044434,-1.0281728506088257
informationbaz_random_4,informationbaz,random,4,1115776,8106324,padded_control,10,encoder_block_10,-0.33248984813690186,-1.7404305934906006,-1.4079407453536987
informationbaz_random_4,informationbaz,random,4,1115776,8106324,padded_control,11,encoder_block_11,0.9160571098327637,-2.7822861671447754,-3.698343276977539
informationbaz_random_4,informationbaz,random,4,1115776,8106324,padded_control,12,encoder_block_12,1.62095046043396,-1.6612467765808105,-3.2821972370147705
informationbaz_random_4,informationbaz,random,4,1115776,8106324,attack,0,embedding,0.26614999771118164,-4.507425308227539,-4.773575305938721
informationbaz_random_4,informationbaz,random,4,1115776,8106324,attack,1,encoder_block_1,0.23917675018310547,-4.709468841552734,-4.94864559173584
informationbaz_random_4,informationbaz,random,4,1115776,8106324,attack,2,encoder_block_2,0.17150139808654785,-3.3724887371063232,-3.543990135192871
informationbaz_random_4,informationbaz,random,4,1115776,8106324,attack,3,encoder_block_3,0.2628612518310547,-2.4709458351135254,-2.73380708694458
informationbaz_random_4,informationbaz,random,4,1115776,8106324,attack,4,encoder_block_4,0.16636991500854492,-1.4970014095306396,-1.6633713245391846
informationbaz_random_4,informationbaz,random,4,1115776,8106324,attack,5,encoder_block_5,0.14287012815475464,-0.8955948948860168,-1.0384650230407715
informationbaz_random_4,informationbaz,random,4,1115776,8106324,attack,6,encoder_block_6,0.0015827417373657227,-0.519497275352478,-0.5210800170898438
informationbaz_random_4,informationbaz,random,4,1115776,8106324,attack,7,encoder_block_7,0.011759519577026367,-0.5872916579246521,-0.5990511775016785
informationbaz_random_4,informationbaz,random,4,1115776,8106324,attack,8,encoder_block_8,0.12113243341445923,-0.500158429145813,-0.6212908625602722
informationbaz_random_4,informationbaz,random,4,1115776,8106324,attack,9,encoder_block_9,0.1033022403717041,-0.5740857720375061,-0.6773880124092102
informationbaz_random_4,informationbaz,random,4,1115776,8106324,attack,10,encoder_block_10,-0.14727675914764404,-1.509621262550354,-1.36234450340271
informationbaz_random_4,informationbaz,random,4,1115776,8106324,attack,11,encoder_block_11,0.6474089622497559,-2.353729724884033,-3.001138687133789
informationbaz_random_4,informationbaz,random,4,1115776,8106324,attack,12,encoder_block_12,0.8094282150268555,-1.5512425899505615,-2.360670804977417
informationbaz_random_4,informationbaz,random,4,1117099,1798612,original,0,embedding,0.22639226913452148,-5.923315525054932,-6.149707794189453
informationbaz_random_4,informationbaz,random,4,1117099,1798612,original,1,encoder_block_1,0.09329557418823242,-6.07913875579834,-6.172434329986572
informationbaz_random_4,informationbaz,random,4,1117099,1798612,original,2,encoder_block_2,0.06534004211425781,-6.0243730545043945,-6.089713096618652
informationbaz_random_4,informationbaz,random,4,1117099,1798612,original,3,encoder_block_3,0.04896068572998047,-5.417511940002441,-5.466472625732422
informationbaz_random_4,informationbaz,random,4,1117099,1798612,original,4,encoder_block_4,0.23172473907470703,-4.846492767333984,-5.078217506408691
informationbaz_random_4,informationbaz,random,4,1117099,1798612,original,5,encoder_block_5,0.2877826690673828,-4.410660743713379,-4.698443412780762
informationbaz_random_4,informationbaz,random,4,1117099,1798612,original,6,encoder_block_6,0.37522435188293457,-3.89322829246521,-4.2684526443481445
informationbaz_random_4,informationbaz,random,4,1117099,1798612,original,7,encoder_block_7,0.34447646141052246,-3.9237654209136963,-4.268241882324219
informationbaz_random_4,informationbaz,random,4,1117099,1798612,original,8,encoder_block_8,0.31902456283569336,-4.127548694610596,-4.446573257446289
informationbaz_random_4,informationbaz,random,4,1117099,1798612,original,9,encoder_block_9,0.4999532699584961,-4.28535795211792,-4.785311222076416
informationbaz_random_4,informationbaz,random,4,1117099,1798612,original,10,encoder_block_10,0.7663369178771973,-4.290595054626465,-5.056931972503662
informationbaz_random_4,informationbaz,random,4,1117099,1798612,original,11,encoder_block_11,1.7876355648040771,-3.6802122592926025,-5.46784782409668
informationbaz_random_4,informationbaz,random,4,1117099,1798612,original,12,encoder_block_12,3.184497833251953,-2.311924934387207,-5.49642276763916
informationbaz_random_4,informationbaz,random,4,1117099,1798612,padded_control,0,embedding,0.2263927459716797,-5.92331600189209,-6.1497087478637695
informationbaz_random_4,informationbaz,random,4,1117099,1798612,padded_control,1,encoder_block_1,0.09958314895629883,-6.062648296356201,-6.1622314453125
informationbaz_random_4,informationbaz,random,4,1117099,1798612,padded_control,2,encoder_block_2,0.06181907653808594,-6.026320457458496,-6.088139533996582
informationbaz_random_4,informationbaz,random,4,1117099,1798612,padded_control,3,encoder_block_3,0.04296302795410156,-5.394975662231445,-5.437938690185547
informationbaz_random_4,informationbaz,random,4,1117099,1798612,padded_control,4,encoder_block_4,0.22169923782348633,-4.819845199584961,-5.041544437408447
informationbaz_random_4,informationbaz,random,4,1117099,1798612,padded_control,5,encoder_block_5,0.2762947082519531,-4.376575469970703,-4.652870178222656
informationbaz_random_4,informationbaz,random,4,1117099,1798612,padded_control,6,encoder_block_6,0.356997013092041,-3.875844955444336,-4.232841968536377
informationbaz_random_4,informationbaz,random,4,1117099,1798612,padded_control,7,encoder_block_7,0.33245372772216797,-3.929943561553955,-4.262397289276123
informationbaz_random_4,informationbaz,random,4,1117099,1798612,padded_control,8,encoder_block_8,0.30552244186401367,-4.159644603729248,-4.465167045593262
informationbaz_random_4,informationbaz,random,4,1117099,1798612,padded_control,9,encoder_block_9,0.49871826171875,-4.336271286010742,-4.834989547729492
informationbaz_random_4,informationbaz,random,4,1117099,1798612,padded_control,10,encoder_block_10,0.7480931282043457,-4.337774753570557,-5.085867881774902
informationbaz_random_4,informationbaz,random,4,1117099,1798612,padded_control,11,encoder_block_11,1.7923855781555176,-3.704042434692383,-5.4964280128479
informationbaz_random_4,informationbaz,random,4,1117099,1798612,padded_control,12,encoder_block_12,3.134345054626465,-2.068434715270996,-5.202779769897461
informationbaz_random_4,informationbaz,random,4,1117099,1798612,attack,0,embedding,0.1005258560180664,-6.046505928039551,-6.147031784057617
informationbaz_random_4,informationbaz,random,4,1117099,1798612,attack,1,encoder_block_1,0.04139995574951172,-5.761409282684326,-5.802809238433838
informationbaz_random_4,informationbaz,random,4,1117099,1798612,attack,2,encoder_block_2,-0.014040946960449219,-5.456661224365234,-5.442620277404785
informationbaz_random_4,informationbaz,random,4,1117099,1798612,attack,3,encoder_block_3,0.001712799072265625,-4.773829460144043,-4.775542259216309
informationbaz_random_4,informationbaz,random,4,1117099,1798612,attack,4,encoder_block_4,0.1781291961669922,-4.018073081970215,-4.196202278137207
informationbaz_random_4,informationbaz,random,4,1117099,1798612,attack,5,encoder_block_5,0.23616480827331543,-3.668456792831421,-3.9046216011047363
informationbaz_random_4,informationbaz,random,4,1117099,1798612,attack,6,encoder_block_6,0.31963634490966797,-3.0786490440368652,-3.398285388946533
informationbaz_random_4,informationbaz,random,4,1117099,1798612,attack,7,encoder_block_7,0.2925748825073242,-3.1460165977478027,-3.438591480255127
informationbaz_random_4,informationbaz,random,4,1117099,1798612,attack,8,encoder_block_8,0.3309292793273926,-3.390566825866699,-3.721496105194092
informationbaz_random_4,informationbaz,random,4,1117099,1798612,attack,9,encoder_block_9,0.537325382232666,-3.777574062347412,-4.314899444580078
informationbaz_random_4,informationbaz,random,4,1117099,1798612,attack,10,encoder_block_10,0.7414169311523438,-4.020625114440918,-4.762042045593262
informationbaz_random_4,informationbaz,random,4,1117099,1798612,attack,11,encoder_block_11,1.7564654350280762,-3.6543631553649902,-5.410828590393066
informationbaz_random_4,informationbaz,random,4,1117099,1798612,attack,12,encoder_block_12,2.961564779281616,-1.400503396987915,-4.362068176269531
informationbaz_random_4,informationbaz,random,4,1121402,5189913,original,0,embedding,0.48082637786865234,-4.1529130935668945,-4.633739471435547
informationbaz_random_4,informationbaz,random,4,1121402,5189913,original,1,encoder_block_1,0.14014291763305664,-3.938462257385254,-4.0786051750183105
informationbaz_random_4,informationbaz,random,4,1121402,5189913,original,2,encoder_block_2,0.29453539848327637,-3.8600308895111084,-4.154566287994385
informationbaz_random_4,informationbaz,random,4,1121402,5189913,original,3,encoder_block_3,0.38832879066467285,-3.7224576473236084,-4.110786437988281
informationbaz_random_4,informationbaz,random,4,1121402,5189913,original,4,encoder_block_4,0.4736652374267578,-3.438216209411621,-3.911881446838379
informationbaz_random_4,informationbaz,random,4,1121402,5189913,original,5,encoder_block_5,0.39621877670288086,-3.529423952102661,-3.925642728805542
informationbaz_random_4,informationbaz,random,4,1121402,5189913,original,6,encoder_block_6,0.5477299690246582,-3.360787868499756,-3.908517837524414
informationbaz_random_4,informationbaz,random,4,1121402,5189913,original,7,encoder_block_7,0.5375113487243652,-3.4428772926330566,-3.980388641357422
informationbaz_random_4,informationbaz,random,4,1121402,5189913,original,8,encoder_block_8,0.762603759765625,-3.4527716636657715,-4.2153754234313965
informationbaz_random_4,informationbaz,random,4,1121402,5189913,original,9,encoder_block_9,0.7920761108398438,-3.3480186462402344,-4.140094757080078
informationbaz_random_4,informationbaz,random,4,1121402,5189913,original,10,encoder_block_10,1.0483002662658691,-3.684955596923828,-4.733255863189697
informationbaz_random_4,informationbaz,random,4,1121402,5189913,original,11,encoder_block_11,2.6554441452026367,-5.7241973876953125,-8.37964153289795
informationbaz_random_4,informationbaz,random,4,1121402,5189913,original,12,encoder_block_12,5.802740097045898,-13.289907455444336,-19.092647552490234
informationbaz_random_4,informationbaz,random,4,1121402,5189913,padded_control,0,embedding,0.48082637786865234,-4.1529130935668945,-4.633739471435547
informationbaz_random_4,informationbaz,random,4,1121402,5189913,padded_control,1,encoder_block_1,0.15998053550720215,-3.8958194255828857,-4.055799961090088
informationbaz_random_4,informationbaz,random,4,1121402,5189913,padded_control,2,encoder_block_2,0.2957310676574707,-3.861262798309326,-4.156993865966797
informationbaz_random_4,informationbaz,random,4,1121402,5189913,padded_control,3,encoder_block_3,0.4146559238433838,-3.679367780685425,-4.094023704528809
informationbaz_random_4,informationbaz,random,4,1121402,5189913,padded_control,4,encoder_block_4,0.5098161697387695,-3.4185829162597656,-3.928399085998535
informationbaz_random_4,informationbaz,random,4,1121402,5189913,padded_control,5,encoder_block_5,0.42707109451293945,-3.5024847984313965,-3.929555892944336
informationbaz_random_4,informationbaz,random,4,1121402,5189913,padded_control,6,encoder_block_6,0.5852785110473633,-3.347973346710205,-3.9332518577575684
informationbaz_random_4,informationbaz,random,4,1121402,5189913,padded_control,7,encoder_block_7,0.5674750804901123,-3.4395363330841064,-4.007011413574219
informationbaz_random_4,informationbaz,random,4,1121402,5189913,padded_control,8,encoder_block_8,0.8081402778625488,-3.4402952194213867,-4.2484354972839355
informationbaz_random_4,informationbaz,random,4,1121402,5189913,padded_control,9,encoder_block_9,0.835623025894165,-3.388798952102661,-4.224421977996826
informationbaz_random_4,informationbaz,random,4,1121402,5189913,padded_control,10,encoder_block_10,1.1359667778015137,-3.7141737937927246,-4.850140571594238
informationbaz_random_4,informationbaz,random,4,1121402,5189913,padded_control,11,encoder_block_11,2.7999987602233887,-5.731525897979736,-8.531524658203125
informationbaz_random_4,informationbaz,random,4,1121402,5189913,padded_control,12,encoder_block_12,5.815946578979492,-13.324104309082031,-19.140050888061523
informationbaz_random_4,informationbaz,random,4,1121402,5189913,attack,0,embedding,0.3412351608276367,-4.212450981140137,-4.553686141967773
informationbaz_random_4,informationbaz,random,4,1121402,5189913,attack,1,encoder_block_1,0.04971742630004883,-4.283698081970215,-4.333415508270264
informationbaz_random_4,informationbaz,random,4,1121402,5189913,attack,2,encoder_block_2,0.08343744277954102,-3.879589796066284,-3.963027238845825
informationbaz_random_4,informationbaz,random,4,1121402,5189913,attack,3,encoder_block_3,0.2199094295501709,-3.5205636024475098,-3.7404730319976807
informationbaz_random_4,informationbaz,random,4,1121402,5189913,attack,4,encoder_block_4,0.29199719429016113,-3.050562620162964,-3.342559814453125
informationbaz_random_4,informationbaz,random,4,1121402,5189913,attack,5,encoder_block_5,0.2760639190673828,-3.086398124694824,-3.362462043762207
informationbaz_random_4,informationbaz,random,4,1121402,5189913,attack,6,encoder_block_6,0.44000840187072754,-2.8545539379119873,-3.294562339782715
informationbaz_random_4,informationbaz,random,4,1121402,5189913,attack,7,encoder_block_7,0.37869930267333984,-2.9447543621063232,-3.323453664779663
informationbaz_random_4,informationbaz,random,4,1121402,5189913,attack,8,encoder_block_8,0.6627612113952637,-2.9446160793304443,-3.607377290725708
informationbaz_random_4,informationbaz,random,4,1121402,5189913,attack,9,encoder_block_9,0.7095210552215576,-3.0437934398651123,-3.75331449508667
informationbaz_random_4,informationbaz,random,4,1121402,5189913,attack,10,encoder_block_10,0.8793799877166748,-3.369279146194458,-4.248659133911133
informationbaz_random_4,informationbaz,random,4,1121402,5189913,attack,11,encoder_block_11,2.3596725463867188,-4.826672554016113,-7.186345100402832
informationbaz_random_4,informationbaz,random,4,1121402,5189913,attack,12,encoder_block_12,5.0662946701049805,-10.461179733276367,-15.527474403381348
informationbaz_random_4,informationbaz,random,4,1121709,1389460,original,0,embedding,0.27699923515319824,-2.7991440296173096,-3.076143264770508
informationbaz_random_4,informationbaz,random,4,1121709,1389460,original,1,encoder_block_1,0.4726133346557617,-4.292995929718018,-4.765609264373779
informationbaz_random_4,informationbaz,random,4,1121709,1389460,original,2,encoder_block_2,0.9142446517944336,-4.175090789794922,-5.0893354415893555
informationbaz_random_4,informationbaz,random,4,1121709,1389460,original,3,encoder_block_3,1.0248775482177734,-3.962763786315918,-4.987641334533691
informationbaz_random_4,informationbaz,random,4,1121709,1389460,original,4,encoder_block_4,1.09043550491333,-3.2004618644714355,-4.290897369384766
informationbaz_random_4,informationbaz,random,4,1121709,1389460,original,5,encoder_block_5,0.8579416275024414,-2.5125415325164795,-3.370483160018921
informationbaz_random_4,informationbaz,random,4,1121709,1389460,original,6,encoder_block_6,0.9166004657745361,-1.8066236972808838,-2.72322416305542
informationbaz_random_4,informationbaz,random,4,1121709,1389460,original,7,encoder_block_7,0.7718093395233154,-1.5785667896270752,-2.3503761291503906
informationbaz_random_4,informationbaz,random,4,1121709,1389460,original,8,encoder_block_8,0.7808523178100586,-1.3713130950927734,-2.152165412902832
informationbaz_random_4,informationbaz,random,4,1121709,1389460,original,9,encoder_block_9,0.9260425567626953,-0.6959367990493774,-1.6219793558120728
informationbaz_random_4,informationbaz,random,4,1121709,1389460,original,10,encoder_block_10,0.12755656242370605,-0.5030959844589233,-0.6306525468826294
informationbaz_random_4,informationbaz,random,4,1121709,1389460,original,11,encoder_block_11,-2.0435472428798676,-2.01981782913208,0.023729413747787476
informationbaz_random_4,informationbaz,random,4,1121709,1389460,original,12,encoder_block_12,-11.493561744689941,-24.79529571533203,-13.30173397064209
informationbaz_random_4,informationbaz,random,4,1121709,1389460,padded_control,0,embedding,0.27699828147888184,-2.799145221710205,-3.076143503189087
informationbaz_random_4,informationbaz,random,4,1121709,1389460,padded_control,1,encoder_block_1,0.4722914695739746,-4.29917573928833,-4.771467208862305
informationbaz_random_4,informationbaz,random,4,1121709,1389460,padded_control,2,encoder_block_2,0.9215517044067383,-4.215338706970215,-5.136890411376953
informationbaz_random_4,informationbaz,random,4,1121709,1389460,padded_control,3,encoder_block_3,1.028759479522705,-4.014510154724121,-5.043269634246826
informationbaz_random_4,informationbaz,random,4,1121709,1389460,padded_control,4,encoder_block_4,1.0963644981384277,-3.2317585945129395,-4.328123092651367
informationbaz_random_4,informationbaz,random,4,1121709,1389460,padded_control,5,encoder_block_5,0.8596770763397217,-2.5322916507720947,-3.3919687271118164
informationbaz_random_4,informationbaz,random,4,1121709,1389460,padded_control,6,encoder_block_6,0.924929141998291,-1.8531994819641113,-2.7781286239624023
informationbaz_random_4,informationbaz,random,4,1121709,1389460,padded_control,7,encoder_block_7,0.7738583087921143,-1.633342981338501,-2.4072012901306152
informationbaz_random_4,informationbaz,random,4,1121709,1389460,padded_control,8,encoder_block_8,0.7833880186080933,-1.4455796480178833,-2.2289676666259766
informationbaz_random_4,informationbaz,random,4,1121709,1389460,padded_control,9,encoder_block_9,0.8895291686058044,-0.7012582421302795,-1.590787410736084
informationbaz_random_4,informationbaz,random,4,1121709,1389460,padded_control,10,encoder_block_10,0.09773766994476318,-0.49933838844299316,-0.5970760583877563
informationbaz_random_4,informationbaz,random,4,1121709,1389460,padded_control,11,encoder_block_11,-2.2128160893917084,-2.292757034301758,-0.07994094491004944
informationbaz_random_4,informationbaz,random,4,1121709,1389460,padded_control,12,encoder_block_12,-11.73452091217041,-24.76236915588379,-13.027848243713379
informationbaz_random_4,informationbaz,random,4,1121709,1389460,attack,0,embedding,0.1457357406616211,-2.6743991374969482,-2.8201348781585693
informationbaz_random_4,informationbaz,random,4,1121709,1389460,attack,1,encoder_block_1,0.34395456314086914,-4.19130277633667,-4.535257339477539
informationbaz_random_4,informationbaz,random,4,1121709,1389460,attack,2,encoder_block_2,0.7436699867248535,-4.045127868652344,-4.788797855377197
informationbaz_random_4,informationbaz,random,4,1121709,1389460,attack,3,encoder_block_3,0.9561572074890137,-3.735717296600342,-4.6918745040893555
informationbaz_random_4,informationbaz,random,4,1121709,1389460,attack,4,encoder_block_4,1.042618751525879,-2.683475971221924,-3.7260947227478027
informationbaz_random_4,informationbaz,random,4,1121709,1389460,attack,5,encoder_block_5,0.8746416568756104,-2.13354754447937,-3.0081892013549805
informationbaz_random_4,informationbaz,random,4,1121709,1389460,attack,6,encoder_block_6,0.9163591861724854,-1.4022421836853027,-2.318601369857788
informationbaz_random_4,informationbaz,random,4,1121709,1389460,attack,7,encoder_block_7,0.7872804403305054,-1.0384936332702637,-1.825774073600769
informationbaz_random_4,informationbaz,random,4,1121709,1389460,attack,8,encoder_block_8,0.8227879405021667,-0.8582199215888977,-1.6810078620910645
informationbaz_random_4,informationbaz,random,4,1121709,1389460,attack,9,encoder_block_9,0.9300059676170349,-0.2503893971443176,-1.1803953647613525
informationbaz_random_4,informationbaz,random,4,1121709,1389460,attack,10,encoder_block_10,0.1125289797782898,-0.23097443580627441,-0.3435034155845642
informationbaz_random_4,informationbaz,random,4,1121709,1389460,attack,11,encoder_block_11,-3.2167317867279053,-5.133401870727539,-1.9166700839996338
informationbaz_random_4,informationbaz,random,4,1121709,1389460,attack,12,encoder_block_12,-13.152032852172852,-24.623302459716797,-11.471269607543945
informationbaz_random_4,informationbaz,random,4,1124210,2258597,original,0,embedding,0.5800065994262695,-4.30912446975708,-4.88913106918335
informationbaz_random_4,informationbaz,random,4,1124210,2258597,original,1,encoder_block_1,-0.10895061492919922,-4.265294075012207,-4.156343460083008
informationbaz_random_4,informationbaz,random,4,1124210,2258597,original,2,encoder_block_2,0.014708995819091797,-4.727019786834717,-4.741728782653809
informationbaz_random_4,informationbaz,random,4,1124210,2258597,original,3,encoder_block_3,0.37274885177612305,-4.177173137664795,-4.549921989440918
informationbaz_random_4,informationbaz,random,4,1124210,2258597,original,4,encoder_block_4,0.6658177375793457,-3.7895121574401855,-4.455329895019531
informationbaz_random_4,informationbaz,random,4,1124210,2258597,original,5,encoder_block_5,0.5856533050537109,-4.087774276733398,-4.673427581787109
informationbaz_random_4,informationbaz,random,4,1124210,2258597,original,6,encoder_block_6,0.5945525169372559,-4.123874187469482,-4.718426704406738
informationbaz_random_4,informationbaz,random,4,1124210,2258597,original,7,encoder_block_7,0.8320813179016113,-4.515650749206543,-5.347732067108154
informationbaz_random_4,informationbaz,random,4,1124210,2258597,original,8,encoder_block_8,0.935511589050293,-4.377449035644531,-5.312960624694824
informationbaz_random_4,informationbaz,random,4,1124210,2258597,original,9,encoder_block_9,1.0379290580749512,-3.7939529418945312,-4.831881999969482
informationbaz_random_4,informationbaz,random,4,1124210,2258597,original,10,encoder_block_10,1.0187492370605469,-3.761019706726074,-4.779768943786621
informationbaz_random_4,informationbaz,random,4,1124210,2258597,original,11,encoder_block_11,1.260847568511963,-2.332131862640381,-3.5929794311523438
informationbaz_random_4,informationbaz,random,4,1124210,2258597,original,12,encoder_block_12,0.24876472353935242,0.23790261149406433,-0.010862112045288086
informationbaz_random_4,informationbaz,random,4,1124210,2258597,padded_control,0,embedding,0.5800061225891113,-4.30912446975708,-4.889130592346191
informationbaz_random_4,informationbaz,random,4,1124210,2258597,padded_control,1,encoder_block_1,-0.10722017288208008,-4.260952472686768,-4.1537322998046875
informationbaz_random_4,informationbaz,random,4,1124210,2258597,padded_control,2,encoder_block_2,0.025089263916015625,-4.735908508300781,-4.760997772216797
informationbaz_random_4,informationbaz,random,4,1124210,2258597,padded_control,3,encoder_block_3,0.3926811218261719,-4.1936445236206055,-4.586325645446777
informationbaz_random_4,informationbaz,random,4,1124210,2258597,padded_control,4,encoder_block_4,0.6811428070068359,-3.8042001724243164,-4.485342979431152
informationbaz_random_4,informationbaz,random,4,1124210,2258597,padded_control,5,encoder_block_5,0.6043558120727539,-4.086787223815918,-4.691143035888672
informationbaz_random_4,informationbaz,random,4,1124210,2258597,padded_control,6,encoder_block_6,0.6217155456542969,-4.133566856384277,-4.755282402038574
informationbaz_random_4,informationbaz,random,4,1124210,2258597,padded_control,7,encoder_block_7,0.8643913269042969,-4.534097194671631,-5.398488521575928
informationbaz_random_4,informationbaz,random,4,1124210,2258597,padded_control,8,encoder_block_8,0.9573578834533691,-4.380321979522705,-5.337679862976074
informationbaz_random_4,informationbaz,random,4,1124210,2258597,padded_control,9,encoder_block_9,1.0465784072875977,-3.811829090118408,-4.858407497406006
informationbaz_random_4,informationbaz,random,4,1124210,2258597,padded_control,10,encoder_block_10,1.037282943725586,-3.7742342948913574,-4.811517238616943
informationbaz_random_4,informationbaz,random,4,1124210,2258597,padded_control,11,encoder_block_11,1.2777762413024902,-2.351405143737793,-3.629181385040283
informationbaz_random_4,informationbaz,random,4,1124210,2258597,padded_control,12,encoder_block_12,0.3002357482910156,0.31030935049057007,0.010073602199554443
informationbaz_random_4,informationbaz,random,4,1124210,2258597,attack,0,embedding,0.4437069892883301,-4.501436233520508,-4.945143222808838
informationbaz_random_4,informationbaz,random,4,1124210,2258597,attack,1,encoder_block_1,-0.032271385192871094,-4.171733856201172,-4.139462471008301
informationbaz_random_4,informationbaz,random,4,1124210,2258597,attack,2,encoder_block_2,-0.07349920272827148,-4.466128826141357,-4.392629623413086
informationbaz_random_4,informationbaz,random,4,1124210,2258597,attack,3,encoder_block_3,0.2810540199279785,-3.832484722137451,-4.11353874206543
informationbaz_random_4,informationbaz,random,4,1124210,2258597,attack,4,encoder_block_4,0.5557541847229004,-3.3567559719085693,-3.9125101566314697
informationbaz_random_4,informationbaz,random,4,1124210,2258597,attack,5,encoder_block_5,0.47839927673339844,-3.666083335876465,-4.144482612609863
informationbaz_random_4,informationbaz,random,4,1124210,2258597,attack,6,encoder_block_6,0.5056390762329102,-3.770984172821045,-4.276623249053955
informationbaz_random_4,informationbaz,random,4,1124210,2258597,attack,7,encoder_block_7,0.6830406188964844,-4.1440629959106445,-4.827103614807129
informationbaz_random_4,informationbaz,random,4,1124210,2258597,attack,8,encoder_block_8,0.8027875423431396,-3.891296625137329,-4.694084167480469
informationbaz_random_4,informationbaz,random,4,1124210,2258597,attack,9,encoder_block_9,0.9937186241149902,-3.412476062774658,-4.406194686889648
informationbaz_random_4,informationbaz,random,4,1124210,2258597,attack,10,encoder_block_10,1.028937816619873,-3.4842238426208496,-4.513161659240723
informationbaz_random_4,informationbaz,random,4,1124210,2258597,attack,11,encoder_block_11,1.251901626586914,-2.183055877685547,-3.434957504272461
informationbaz_random_4,informationbaz,random,4,1124210,2258597,attack,12,encoder_block_12,0.030950069427490234,-0.04061785340309143,-0.07156792283058167
informationbaz_random_4,informationbaz,random,4,1129237,2697752,original,0,embedding,-0.2152695655822754,-5.095084190368652,-4.879814624786377
informationbaz_random_4,informationbaz,random,4,1129237,2697752,original,1,encoder_block_1,-0.829967737197876,-4.517090797424316,-3.6871230602264404
informationbaz_random_4,informationbaz,random,4,1129237,2697752,original,2,encoder_block_2,-0.38594961166381836,-4.4620537757873535,-4.076104164123535
informationbaz_random_4,informationbaz,random,4,1129237,2697752,original,3,encoder_block_3,-0.30671215057373047,-4.475724220275879,-4.169012069702148
informationbaz_random_4,informationbaz,random,4,1129237,2697752,original,4,encoder_block_4,-0.16170644760131836,-4.314440727233887,-4.152734279632568
informationbaz_random_4,informationbaz,random,4,1129237,2697752,original,5,encoder_block_5,-0.2752385139465332,-4.4396820068359375,-4.164443492889404
informationbaz_random_4,informationbaz,random,4,1129237,2697752,original,6,encoder_block_6,-0.3856024742126465,-4.313028335571289,-3.9274258613586426
informationbaz_random_4,informationbaz,random,4,1129237,2697752,original,7,encoder_block_7,-0.19968795776367188,-4.216753959655762,-4.01706600189209
informationbaz_random_4,informationbaz,random,4,1129237,2697752,original,8,encoder_block_8,0.012386798858642578,-4.061748027801514,-4.074134826660156
informationbaz_random_4,informationbaz,random,4,1129237,2697752,original,9,encoder_block_9,0.3729109764099121,-3.6543469429016113,-4.027257919311523
informationbaz_random_4,informationbaz,random,4,1129237,2697752,original,10,encoder_block_10,0.8976078033447266,-2.919743537902832,-3.8173513412475586
informationbaz_random_4,informationbaz,random,4,1129237,2697752,original,11,encoder_block_11,2.6303515434265137,-2.538311004638672,-5.1686625480651855
informationbaz_random_4,informationbaz,random,4,1129237,2697752,original,12,encoder_block_12,4.295194149017334,-7.517853260040283,-11.813047409057617
informationbaz_random_4,informationbaz,random,4,1129237,2697752,padded_control,0,embedding,-0.2152695655822754,-5.0950846672058105,-4.879815101623535
informationbaz_random_4,informationbaz,random,4,1129237,2697752,padded_control,1,encoder_block_1,-0.8277151584625244,-4.522526264190674,-3.6948111057281494
informationbaz_random_4,informationbaz,random,4,1129237,2697752,padded_control,2,encoder_block_2,-0.3831329345703125,-4.4789533615112305,-4.095820426940918
informationbaz_random_4,informationbaz,random,4,1129237,2697752,padded_control,3,encoder_block_3,-0.29223203659057617,-4.4844207763671875,-4.192188739776611
informationbaz_random_4,informationbaz,random,4,1129237,2697752,padded_control,4,encoder_block_4,-0.1604161262512207,-4.319723129272461,-4.15930700302124
informationbaz_random_4,informationbaz,random,4,1129237,2697752,padded_control,5,encoder_block_5,-0.2862730026245117,-4.438307762145996,-4.152034759521484
informationbaz_random_4,informationbaz,random,4,1129237,2697752,padded_control,6,encoder_block_6,-0.3887453079223633,-4.304802417755127,-3.9160571098327637
informationbaz_random_4,informationbaz,random,4,1129237,2697752,padded_control,7,encoder_block_7,-0.21072053909301758,-4.212515830993652,-4.001795291900635
informationbaz_random_4,informationbaz,random,4,1129237,2697752,padded_control,8,encoder_block_8,0.0014824867248535156,-4.057130813598633,-4.058613300323486
informationbaz_random_4,informationbaz,random,4,1129237,2697752,padded_control,9,encoder_block_9,0.36331748962402344,-3.6630139350891113,-4.026331424713135
informationbaz_random_4,informationbaz,random,4,1129237,2697752,padded_control,10,encoder_block_10,0.9144556522369385,-2.9533209800720215,-3.86777663230896
informationbaz_random_4,informationbaz,random,4,1129237,2697752,padded_control,11,encoder_block_11,2.6471619606018066,-2.624607563018799,-5.2717695236206055
informationbaz_random_4,informationbaz,random,4,1129237,2697752,padded_control,12,encoder_block_12,4.3289690017700195,-7.711003303527832,-12.039972305297852
informationbaz_random_4,informationbaz,random,4,1129237,2697752,attack,0,embedding,-0.40917396545410156,-5.315763473510742,-4.906589508056641
informationbaz_random_4,informationbaz,random,4,1129237,2697752,attack,1,encoder_block_1,-0.954596996307373,-4.631565093994141,-3.6769680976867676
informationbaz_random_4,informationbaz,random,4,1129237,2697752,attack,2,encoder_block_2,-0.5020885467529297,-4.18813943862915,-3.6860508918762207
informationbaz_random_4,informationbaz,random,4,1129237,2697752,attack,3,encoder_block_3,-0.3117337226867676,-4.066849231719971,-3.755115509033203
informationbaz_random_4,informationbaz,random,4,1129237,2697752,attack,4,encoder_block_4,-0.19586563110351562,-3.8018879890441895,-3.606022357940674
informationbaz_random_4,informationbaz,random,4,1129237,2697752,attack,5,encoder_block_5,-0.24777531623840332,-3.9444775581359863,-3.696702241897583
informationbaz_random_4,informationbaz,random,4,1129237,2697752,attack,6,encoder_block_6,-0.40024805068969727,-3.6337852478027344,-3.233537197113037
informationbaz_random_4,informationbaz,random,4,1129237,2697752,attack,7,encoder_block_7,-0.2881636619567871,-3.563828468322754,-3.275664806365967
informationbaz_random_4,informationbaz,random,4,1129237,2697752,attack,8,encoder_block_8,-0.02948927879333496,-3.393754482269287,-3.364265203475952
informationbaz_random_4,informationbaz,random,4,1129237,2697752,attack,9,encoder_block_9,0.3270902633666992,-3.0466556549072266,-3.373745918273926
informationbaz_random_4,informationbaz,random,4,1129237,2697752,attack,10,encoder_block_10,0.8773910999298096,-2.4937610626220703,-3.37115216255188
informationbaz_random_4,informationbaz,random,4,1129237,2697752,attack,11,encoder_block_11,2.425870180130005,-2.023832082748413,-4.449702262878418
informationbaz_random_4,informationbaz,random,4,1129237,2697752,attack,12,encoder_block_12,3.938295364379883,-5.630289077758789,-9.568584442138672
informationbaz_random_4,informationbaz,random,4,1133167,5674622,original,0,embedding,-0.3599090576171875,-5.849488258361816,-5.489579200744629
informationbaz_random_4,informationbaz,random,4,1133167,5674622,original,1,encoder_block_1,-0.22385787963867188,-4.594595909118652,-4.3707380294799805
informationbaz_random_4,informationbaz,random,4,1133167,5674622,original,2,encoder_block_2,0.08946514129638672,-4.495002746582031,-4.584467887878418
informationbaz_random_4,informationbaz,random,4,1133167,5674622,original,3,encoder_block_3,-0.05962038040161133,-3.6734237670898438,-3.6138033866882324
informationbaz_random_4,informationbaz,random,4,1133167,5674622,original,4,encoder_block_4,-0.006671905517578125,-3.5314712524414062,-3.524799346923828
informationbaz_random_4,informationbaz,random,4,1133167,5674622,original,5,encoder_block_5,0.00642704963684082,-3.4627819061279297,-3.4692089557647705
informationbaz_random_4,informationbaz,random,4,1133167,5674622,original,6,encoder_block_6,0.08499431610107422,-3.451901912689209,-3.536896228790283
informationbaz_random_4,informationbaz,random,4,1133167,5674622,original,7,encoder_block_7,0.13923048973083496,-3.359374761581421,-3.498605251312256
informationbaz_random_4,informationbaz,random,4,1133167,5674622,original,8,encoder_block_8,0.31503868103027344,-3.645671844482422,-3.9607105255126953
informationbaz_random_4,informationbaz,random,4,1133167,5674622,original,9,encoder_block_9,0.33777594566345215,-3.778770685195923,-4.116546630859375
informationbaz_random_4,informationbaz,random,4,1133167,5674622,original,10,encoder_block_10,-0.02261948585510254,-3.956045627593994,-3.9334261417388916
informationbaz_random_4,informationbaz,random,4,1133167,5674622,original,11,encoder_block_11,0.8448319435119629,-4.103165149688721,-4.947997093200684
informationbaz_random_4,informationbaz,random,4,1133167,5674622,original,12,encoder_block_12,2.4345003366470337,-1.8651317358016968,-4.2996320724487305
informationbaz_random_4,informationbaz,random,4,1133167,5674622,padded_control,0,embedding,-0.3599076271057129,-5.849488258361816,-5.4895806312561035
informationbaz_random_4,informationbaz,random,4,1133167,5674622,padded_control,1,encoder_block_1,-0.21259498596191406,-4.641429901123047,-4.428834915161133
informationbaz_random_4,informationbaz,random,4,1133167,5674622,padded_control,2,encoder_block_2,0.09185361862182617,-4.546697616577148,-4.638551235198975
informationbaz_random_4,informationbaz,random,4,1133167,5674622,padded_control,3,encoder_block_3,-0.07176446914672852,-3.687009334564209,-3.6152448654174805
informationbaz_random_4,informationbaz,random,4,1133167,5674622,padded_control,4,encoder_block_4,-0.006439208984375,-3.5963664054870605,-3.5899271965026855
informationbaz_random_4,informationbaz,random,4,1133167,5674622,padded_control,5,encoder_block_5,0.0030460357666015625,-3.520829200744629,-3.5238752365112305
informationbaz_random_4,informationbaz,random,4,1133167,5674622,padded_control,6,encoder_block_6,0.07558250427246094,-3.5034022331237793,-3.5789847373962402
informationbaz_random_4,informationbaz,random,4,1133167,5674622,padded_control,7,encoder_block_7,0.12208414077758789,-3.378811836242676,-3.5008959770202637
informationbaz_random_4,informationbaz,random,4,1133167,5674622,padded_control,8,encoder_block_8,0.30920886993408203,-3.6685428619384766,-3.9777517318725586
informationbaz_random_4,informationbaz,random,4,1133167,5674622,padded_control,9,encoder_block_9,0.31780052185058594,-3.7948384284973145,-4.1126389503479
informationbaz_random_4,informationbaz,random,4,1133167,5674622,padded_control,10,encoder_block_10,-0.02851390838623047,-3.932102918624878,-3.9035890102386475
informationbaz_random_4,informationbaz,random,4,1133167,5674622,padded_control,11,encoder_block_11,0.8905410766601562,-4.268524169921875,-5.159065246582031
informationbaz_random_4,informationbaz,random,4,1133167,5674622,padded_control,12,encoder_block_12,2.66879940032959,-2.2297286987304688,-4.898528099060059
informationbaz_random_4,informationbaz,random,4,1133167,5674622,attack,0,embedding,-0.40048742294311523,-5.4861345291137695,-5.085647106170654
informationbaz_random_4,informationbaz,random,4,1133167,5674622,attack,1,encoder_block_1,-0.14305639266967773,-4.3526458740234375,-4.20958948135376
informationbaz_random_4,informationbaz,random,4,1133167,5674622,attack,2,encoder_block_2,-0.0023756027221679688,-4.166213035583496,-4.163837432861328
informationbaz_random_4,informationbaz,random,4,1133167,5674622,attack,3,encoder_block_3,-0.11418414115905762,-3.201082468032837,-3.0868983268737793
informationbaz_random_4,informationbaz,random,4,1133167,5674622,attack,4,encoder_block_4,-0.013974189758300781,-2.8624305725097656,-2.848456382751465
informationbaz_random_4,informationbaz,random,4,1133167,5674622,attack,5,encoder_block_5,0.013545036315917969,-2.9603323936462402,-2.973877429962158
informationbaz_random_4,informationbaz,random,4,1133167,5674622,attack,6,encoder_block_6,0.07096028327941895,-2.9313628673553467,-3.0023231506347656
informationbaz_random_4,informationbaz,random,4,1133167,5674622,attack,7,encoder_block_7,0.12549662590026855,-2.9641058444976807,-3.089602470397949
informationbaz_random_4,informationbaz,random,4,1133167,5674622,attack,8,encoder_block_8,0.2779073715209961,-3.1770951747894287,-3.455002546310425
informationbaz_random_4,informationbaz,random,4,1133167,5674622,attack,9,encoder_block_9,0.287355899810791,-3.430476188659668,-3.717832088470459
informationbaz_random_4,informationbaz,random,4,1133167,5674622,attack,10,encoder_block_10,0.030243396759033203,-3.7972848415374756,-3.827528238296509
informationbaz_random_4,informationbaz,random,4,1133167,5674622,attack,11,encoder_block_11,0.8683700561523438,-4.454667568206787,-5.323037624359131
informationbaz_random_4,informationbaz,random,4,1133167,5674622,attack,12,encoder_block_12,2.3451309204101562,-2.1230220794677734,-4.46815299987793
informationbaz_random_4,informationbaz,random,4,130510,1494936,original,0,embedding,0.4145472049713135,-1.7924978733062744,-2.207045078277588
informationbaz_random_4,informationbaz,random,4,130510,1494936,original,1,encoder_block_1,-0.07471275329589844,-2.990966796875,-2.9162540435791016
informationbaz_random_4,informationbaz,random,4,130510,1494936,original,2,encoder_block_2,0.25775837898254395,-3.0378570556640625,-3.2956154346466064
informationbaz_random_4,informationbaz,random,4,130510,1494936,original,3,encoder_block_3,0.08686590194702148,-2.9278645515441895,-3.014730453491211
informationbaz_random_4,informationbaz,random,4,130510,1494936,original,4,encoder_block_4,0.04849743843078613,-2.9222750663757324,-2.9707725048065186
informationbaz_random_4,informationbaz,random,4,130510,1494936,original,5,encoder_block_5,0.059055328369140625,-2.478672504425049,-2.5377278327941895
informationbaz_random_4,informationbaz,random,4,130510,1494936,original,6,encoder_block_6,0.06154942512512207,-2.419384241104126,-2.480933666229248
informationbaz_random_4,informationbaz,random,4,130510,1494936,original,7,encoder_block_7,0.17574095726013184,-2.292348861694336,-2.4680898189544678
informationbaz_random_4,informationbaz,random,4,130510,1494936,original,8,encoder_block_8,0.33298659324645996,-2.7322986125946045,-3.0652852058410645
informationbaz_random_4,informationbaz,random,4,130510,1494936,original,9,encoder_block_9,0.644644021987915,-2.2906625270843506,-2.9353065490722656
informationbaz_random_4,informationbaz,random,4,130510,1494936,original,10,encoder_block_10,1.0942609310150146,-2.142631769180298,-3.2368927001953125
informationbaz_random_4,informationbaz,random,4,130510,1494936,original,11,encoder_block_11,2.1742987632751465,-3.19712495803833,-5.371423721313477
informationbaz_random_4,informationbaz,random,4,130510,1494936,original,12,encoder_block_12,3.561265468597412,-4.292943477630615,-7.854208946228027
informationbaz_random_4,informationbaz,random,4,130510,1494936,padded_control,0,embedding,0.4145467281341553,-1.7924985885620117,-2.207045316696167
informationbaz_random_4,informationbaz,random,4,130510,1494936,padded_control,1,encoder_block_1,-0.05890011787414551,-3.026170253753662,-2.9672701358795166
informationbaz_random_4,informationbaz,random,4,130510,1494936,padded_control,2,encoder_block_2,0.27428150177001953,-3.096320629119873,-3.3706021308898926
informationbaz_random_4,informationbaz,random,4,130510,1494936,padded_control,3,encoder_block_3,0.11479473114013672,-2.9471330642700195,-3.0619277954101562
informationbaz_random_4,informationbaz,random,4,130510,1494936,padded_control,4,encoder_block_4,0.06949996948242188,-2.945335865020752,-3.014835834503174
informationbaz_random_4,informationbaz,random,4,130510,1494936,padded_control,5,encoder_block_5,0.07260608673095703,-2.496422052383423,-2.56902813911438
informationbaz_random_4,informationbaz,random,4,130510,1494936,padded_control,6,encoder_block_6,0.07598638534545898,-2.4668264389038086,-2.5428128242492676
informationbaz_random_4,informationbaz,random,4,130510,1494936,padded_control,7,encoder_block_7,0.18793177604675293,-2.33807635307312,-2.526008129119873
informationbaz_random_4,informationbaz,random,4,130510,1494936,padded_control,8,encoder_block_8,0.3740713596343994,-2.8098440170288086,-3.183915376663208
informationbaz_random_4,informationbaz,random,4,130510,1494936,padded_control,9,encoder_block_9,0.6594123840332031,-2.334298849105835,-2.993711233139038
informationbaz_random_4,informationbaz,random,4,130510,1494936,padded_control,10,encoder_block_10,1.086153268814087,-2.164397716522217,-3.2505509853363037
informationbaz_random_4,informationbaz,random,4,130510,1494936,padded_control,11,encoder_block_11,2.2054998874664307,-3.1515767574310303,-5.357076644897461
informationbaz_random_4,informationbaz,random,4,130510,1494936,padded_control,12,encoder_block_12,3.8205924034118652,-5.479589939117432,-9.300182342529297
informationbaz_random_4,informationbaz,random,4,130510,1494936,attack,0,embedding,0.1460425853729248,-1.8310272693634033,-1.9770698547363281
informationbaz_random_4,informationbaz,random,4,130510,1494936,attack,1,encoder_block_1,-0.038747310638427734,-2.721712112426758,-2.68296480178833
informationbaz_random_4,informationbaz,random,4,130510,1494936,attack,2,encoder_block_2,0.16859841346740723,-2.6404075622558594,-2.8090059757232666
informationbaz_random_4,informationbaz,random,4,130510,1494936,attack,3,encoder_block_3,0.06027078628540039,-2.2905426025390625,-2.350813388824463
informationbaz_random_4,informationbaz,random,4,130510,1494936,attack,4,encoder_block_4,0.06737256050109863,-2.070420265197754,-2.1377928256988525
informationbaz_random_4,informationbaz,random,4,130510,1494936,attack,5,encoder_block_5,0.18742895126342773,-1.838252067565918,-2.0256810188293457
informationbaz_random_4,informationbaz,random,4,130510,1494936,attack,6,encoder_block_6,0.22202003002166748,-1.7326377630233765,-1.954657793045044
informationbaz_random_4,informationbaz,random,4,130510,1494936,attack,7,encoder_block_7,0.2794569730758667,-1.6888110637664795,-1.9682680368423462
informationbaz_random_4,informationbaz,random,4,130510,1494936,attack,8,encoder_block_8,0.5069611072540283,-1.9470467567443848,-2.454007863998413
informationbaz_random_4,informationbaz,random,4,130510,1494936,attack,9,encoder_block_9,0.8494217395782471,-1.8314974308013916,-2.6809191703796387
informationbaz_random_4,informationbaz,random,4,130510,1494936,attack,10,encoder_block_10,0.9870693683624268,-1.7711734771728516,-2.7582428455352783
informationbaz_random_4,informationbaz,random,4,130510,1494936,attack,11,encoder_block_11,1.6469826698303223,-1.8596718311309814,-3.5066545009613037
informationbaz_random_4,informationbaz,random,4,130510,1494936,attack,12,encoder_block_12,1.521249771118164,0.6490764021873474,-0.8721733689308167
informationbaz_random_4,informationbaz,random,4,131843,8305152,original,0,embedding,0.04512739181518555,-2.6725878715515137,-2.717715263366699
informationbaz_random_4,informationbaz,random,4,131843,8305152,original,1,encoder_block_1,-0.48178184032440186,-2.3933963775634766,-1.9116145372390747
informationbaz_random_4,informationbaz,random,4,131843,8305152,original,2,encoder_block_2,-0.31985950469970703,-2.672025680541992,-2.352166175842285
informationbaz_random_4,informationbaz,random,4,131843,8305152,original,3,encoder_block_3,-0.34332895278930664,-2.6075549125671387,-2.264225959777832
informationbaz_random_4,informationbaz,random,4,131843,8305152,original,4,encoder_block_4,-0.2720351219177246,-2.371027946472168,-2.0989928245544434
informationbaz_random_4,informationbaz,random,4,131843,8305152,original,5,encoder_block_5,-0.05044913291931152,-2.2058780193328857,-2.155428886413574
informationbaz_random_4,informationbaz,random,4,131843,8305152,original,6,encoder_block_6,0.13686537742614746,-1.9689812660217285,-2.105846643447876
informationbaz_random_4,informationbaz,random,4,131843,8305152,original,7,encoder_block_7,0.0036597251892089844,-2.0527987480163574,-2.0564584732055664
informationbaz_random_4,informationbaz,random,4,131843,8305152,original,8,encoder_block_8,0.10052108764648438,-2.3693947792053223,-2.4699158668518066
informationbaz_random_4,informationbaz,random,4,131843,8305152,original,9,encoder_block_9,0.5894267559051514,-2.718177318572998,-3.3076040744781494
informationbaz_random_4,informationbaz,random,4,131843,8305152,original,10,encoder_block_10,1.3263812065124512,-3.0505805015563965,-4.376961708068848
informationbaz_random_4,informationbaz,random,4,131843,8305152,original,11,encoder_block_11,3.336597442626953,-5.618673324584961,-8.955270767211914
informationbaz_random_4,informationbaz,random,4,131843,8305152,original,12,encoder_block_12,6.1865692138671875,-15.126476287841797,-21.313045501708984
informationbaz_random_4,informationbaz,random,4,131843,8305152,padded_control,0,embedding,0.04512810707092285,-2.6725869178771973,-2.71771502494812
informationbaz_random_4,informationbaz,random,4,131843,8305152,padded_control,1,encoder_block_1,-0.48709917068481445,-2.411290407180786,-1.9241912364959717
informationbaz_random_4,informationbaz,random,4,131843,8305152,padded_control,2,encoder_block_2,-0.3754558563232422,-2.727438449859619,-2.351982593536377
informationbaz_random_4,informationbaz,random,4,131843,8305152,padded_control,3,encoder_block_3,-0.38167619705200195,-2.6463236808776855,-2.2646474838256836
informationbaz_random_4,informationbaz,random,4,131843,8305152,padded_control,4,encoder_block_4,-0.3053436279296875,-2.4023947715759277,-2.0970511436462402
informationbaz_random_4,informationbaz,random,4,131843,8305152,padded_control,5,encoder_block_5,-0.08520174026489258,-2.259516716003418,-2.1743149757385254
informationbaz_random_4,informationbaz,random,4,131843,8305152,padded_control,6,encoder_block_6,0.11228346824645996,-2.026425838470459,-2.138709306716919
informationbaz_random_4,informationbaz,random,4,131843,8305152,padded_control,7,encoder_block_7,-0.0028955936431884766,-2.1126492023468018,-2.1097536087036133
informationbaz_random_4,informationbaz,random,4,131843,8305152,padded_control,8,encoder_block_8,0.12211060523986816,-2.4214959144592285,-2.5436065196990967
informationbaz_random_4,informationbaz,random,4,131843,8305152,padded_control,9,encoder_block_9,0.5949583053588867,-2.736321449279785,-3.331279754638672
informationbaz_random_4,informationbaz,random,4,131843,8305152,padded_control,10,encoder_block_10,1.3202598094940186,-3.0561935901641846,-4.376453399658203
informationbaz_random_4,informationbaz,random,4,131843,8305152,padded_control,11,encoder_block_11,3.3052196502685547,-5.621728897094727,-8.926948547363281
informationbaz_random_4,informationbaz,random,4,131843,8305152,padded_control,12,encoder_block_12,6.229361534118652,-15.277911186218262,-21.507272720336914
informationbaz_random_4,informationbaz,random,4,131843,8305152,attack,0,embedding,-0.036005496978759766,-3.0925450325012207,-3.056539535522461
informationbaz_random_4,informationbaz,random,4,131843,8305152,attack,1,encoder_block_1,-0.3762674331665039,-2.661816120147705,-2.285548686981201
informationbaz_random_4,informationbaz,random,4,131843,8305152,attack,2,encoder_block_2,-0.3810446262359619,-2.521821975708008,-2.140777349472046
informationbaz_random_4,informationbaz,random,4,131843,8305152,attack,3,encoder_block_3,-0.43640708923339844,-2.1954898834228516,-1.7590827941894531
informationbaz_random_4,informationbaz,random,4,131843,8305152,attack,4,encoder_block_4,-0.40342438220977783,-1.7207978963851929,-1.317373514175415
informationbaz_random_4,informationbaz,random,4,131843,8305152,attack,5,encoder_block_5,-0.19049358367919922,-1.6983059644699097,-1.5078123807907104
informationbaz_random_4,informationbaz,random,4,131843,8305152,attack,6,encoder_block_6,0.03312945365905762,-1.485019564628601,-1.5181490182876587
informationbaz_random_4,informationbaz,random,4,131843,8305152,attack,7,encoder_block_7,-0.08905541896820068,-1.6428827047348022,-1.5538272857666016
informationbaz_random_4,informationbaz,random,4,131843,8305152,attack,8,encoder_block_8,0.1157386302947998,-1.9473671913146973,-2.063105821609497
informationbaz_random_4,informationbaz,random,4,131843,8305152,attack,9,encoder_block_9,0.5932621955871582,-2.590726375579834,-3.183988571166992
informationbaz_random_4,informationbaz,random,4,131843,8305152,attack,10,encoder_block_10,1.3259186744689941,-3.031709671020508,-4.357628345489502
informationbaz_random_4,informationbaz,random,4,131843,8305152,attack,11,encoder_block_11,3.300739288330078,-5.179736137390137,-8.480475425720215
informationbaz_random_4,informationbaz,random,4,131843,8305152,attack,12,encoder_block_12,5.941047668457031,-14.150741577148438,-20.09178924560547
informationbaz_random_4,informationbaz,random,4,146187,8434626,original,0,embedding,0.8186893463134766,-3.3407602310180664,-4.159449577331543
informationbaz_random_4,informationbaz,random,4,146187,8434626,original,1,encoder_block_1,0.8562822341918945,-3.630033493041992,-4.486315727233887
informationbaz_random_4,informationbaz,random,4,146187,8434626,original,2,encoder_block_2,0.9611597061157227,-4.352113723754883,-5.3132734298706055
informationbaz_random_4,informationbaz,random,4,146187,8434626,original,3,encoder_block_3,1.1117756366729736,-3.700554609298706,-4.81233024597168
informationbaz_random_4,informationbaz,random,4,146187,8434626,original,4,encoder_block_4,1.2815577983856201,-3.4032394886016846,-4.684797286987305
informationbaz_random_4,informationbaz,random,4,146187,8434626,original,5,encoder_block_5,1.2142610549926758,-3.374892234802246,-4.589153289794922
informationbaz_random_4,informationbaz,random,4,146187,8434626,original,6,encoder_block_6,1.2386045455932617,-2.914273738861084,-4.152878284454346
informationbaz_random_4,informationbaz,random,4,146187,8434626,original,7,encoder_block_7,1.1996808052062988,-3.152465343475342,-4.352146148681641
informationbaz_random_4,informationbaz,random,4,146187,8434626,original,8,encoder_block_8,1.1204800605773926,-3.2558183670043945,-4.376298427581787
informationbaz_random_4,informationbaz,random,4,146187,8434626,original,9,encoder_block_9,1.163987159729004,-2.6757659912109375,-3.8397531509399414
informationbaz_random_4,informationbaz,random,4,146187,8434626,original,10,encoder_block_10,0.9799554347991943,-2.420318841934204,-3.4002742767333984
informationbaz_random_4,informationbaz,random,4,146187,8434626,original,11,encoder_block_11,1.9088294506072998,-3.3119800090789795,-5.220809459686279
informationbaz_random_4,informationbaz,random,4,146187,8434626,original,12,encoder_block_12,2.198522448539734,-1.1610559225082397,-3.3595783710479736
informationbaz_random_4,informationbaz,random,4,146187,8434626,padded_control,0,embedding,0.818688154220581,-3.3407623767852783,-4.159450531005859
informationbaz_random_4,informationbaz,random,4,146187,8434626,padded_control,1,encoder_block_1,0.8656516075134277,-3.673896312713623,-4.539547920227051
informationbaz_random_4,informationbaz,random,4,146187,8434626,padded_control,2,encoder_block_2,0.9769706726074219,-4.402561187744141,-5.3795318603515625
informationbaz_random_4,informationbaz,random,4,146187,8434626,padded_control,3,encoder_block_3,1.1263885498046875,-3.7230920791625977,-4.849480628967285
informationbaz_random_4,informationbaz,random,4,146187,8434626,padded_control,4,encoder_block_4,1.2863662242889404,-3.400834798812866,-4.687201023101807
informationbaz_random_4,informationbaz,random,4,146187,8434626,padded_control,5,encoder_block_5,1.21095609664917,-3.3578500747680664,-4.568806171417236
informationbaz_random_4,informationbaz,random,4,146187,8434626,padded_control,6,encoder_block_6,1.234513282775879,-2.924907684326172,-4.159420967102051
informationbaz_random_4,informationbaz,random,4,146187,8434626,padded_control,7,encoder_block_7,1.2177386283874512,-3.1778464317321777,-4.395585060119629
informationbaz_random_4,informationbaz,random,4,146187,8434626,padded_control,8,encoder_block_8,1.1273291110992432,-3.25750994682312,-4.384839057922363
informationbaz_random_4,informationbaz,random,4,146187,8434626,padded_control,9,encoder_block_9,1.152930498123169,-2.632014036178589,-3.784944534301758
informationbaz_random_4,informationbaz,random,4,146187,8434626,padded_control,10,encoder_block_10,0.9534907341003418,-2.3688547611236572,-3.322345495223999
informationbaz_random_4,informationbaz,random,4,146187,8434626,padded_control,11,encoder_block_11,1.7943415641784668,-3.122076988220215,-4.916418552398682
informationbaz_random_4,informationbaz,random,4,146187,8434626,padded_control,12,encoder_block_12,2.0157495737075806,-0.9180160760879517,-2.9337656497955322
informationbaz_random_4,informationbaz,random,4,146187,8434626,attack,0,embedding,0.4213979244232178,-3.748919725418091,-4.170317649841309
informationbaz_random_4,informationbaz,random,4,146187,8434626,attack,1,encoder_block_1,0.5329015254974365,-3.678292989730835,-4.2111945152282715
informationbaz_random_4,informationbaz,random,4,146187,8434626,attack,2,encoder_block_2,0.6213788986206055,-3.6273880004882812,-4.248766899108887
informationbaz_random_4,informationbaz,random,4,146187,8434626,attack,3,encoder_block_3,0.8556759357452393,-2.770986557006836,-3.626662492752075
informationbaz_random_4,informationbaz,random,4,146187,8434626,attack,4,encoder_block_4,1.0506291389465332,-2.0873324871063232,-3.1379616260528564
informationbaz_random_4,informationbaz,random,4,146187,8434626,attack,5,encoder_block_5,1.0401172637939453,-2.212991952896118,-3.2531092166900635
informationbaz_random_4,informationbaz,random,4,146187,8434626,attack,6,encoder_block_6,1.065349817276001,-1.7394497394561768,-2.8047995567321777
informationbaz_random_4,informationbaz,random,4,146187,8434626,attack,7,encoder_block_7,1.0705947875976562,-2.115511894226074,-3.1861066818237305
informationbaz_random_4,informationbaz,random,4,146187,8434626,attack,8,encoder_block_8,1.0960772037506104,-2.2963874340057373,-3.3924646377563477
informationbaz_random_4,informationbaz,random,4,146187,8434626,attack,9,encoder_block_9,1.2123234272003174,-1.9940359592437744,-3.206359386444092
informationbaz_random_4,informationbaz,random,4,146187,8434626,attack,10,encoder_block_10,1.146263837814331,-2.0127527713775635,-3.1590166091918945
informationbaz_random_4,informationbaz,random,4,146187,8434626,attack,11,encoder_block_11,1.8558073043823242,-2.635857582092285,-4.491664886474609
informationbaz_random_4,informationbaz,random,4,146187,8434626,attack,12,encoder_block_12,2.143777370452881,-1.0091383457183838,-3.1529157161712646
informationbaz_random_4,informationbaz,random,4,148538,8181574,original,0,embedding,0.03385782241821289,-4.174205780029297,-4.20806360244751
informationbaz_random_4,informationbaz,random,4,148538,8181574,original,1,encoder_block_1,0.48075056076049805,-5.66433048248291,-6.145081043243408
informationbaz_random_4,informationbaz,random,4,148538,8181574,original,2,encoder_block_2,0.889561653137207,-5.621399879455566,-6.510961532592773
informationbaz_random_4,informationbaz,random,4,148538,8181574,original,3,encoder_block_3,1.1115541458129883,-5.30448055267334,-6.416034698486328
informationbaz_random_4,informationbaz,random,4,148538,8181574,original,4,encoder_block_4,1.146008014678955,-4.902588367462158,-6.048596382141113
informationbaz_random_4,informationbaz,random,4,148538,8181574,original,5,encoder_block_5,1.0081357955932617,-4.70090389251709,-5.709039688110352
informationbaz_random_4,informationbaz,random,4,148538,8181574,original,6,encoder_block_6,1.0072407722473145,-4.30916690826416,-5.316407680511475
informationbaz_random_4,informationbaz,random,4,148538,8181574,original,7,encoder_block_7,1.0733280181884766,-4.413407325744629,-5.4867353439331055
informationbaz_random_4,informationbaz,random,4,148538,8181574,original,8,encoder_block_8,1.1593351364135742,-4.6735124588012695,-5.832847595214844
informationbaz_random_4,informationbaz,random,4,148538,8181574,original,9,encoder_block_9,1.2307915687561035,-3.7332234382629395,-4.964015007019043
informationbaz_random_4,informationbaz,random,4,148538,8181574,original,10,encoder_block_10,0.1248464584350586,-2.604250907897949,-2.729097366333008
informationbaz_random_4,informationbaz,random,4,148538,8181574,original,11,encoder_block_11,-1.7904731035232544,-2.633866310119629,-0.8433932065963745
informationbaz_random_4,informationbaz,random,4,148538,8181574,original,12,encoder_block_12,-11.936710357666016,-25.012985229492188,-13.076274871826172
informationbaz_random_4,informationbaz,random,4,148538,8181574,padded_control,0,embedding,0.03385782241821289,-4.174206256866455,-4.208064079284668
informationbaz_random_4,informationbaz,random,4,148538,8181574,padded_control,1,encoder_block_1,0.4797992706298828,-5.66875696182251,-6.148556232452393
informationbaz_random_4,informationbaz,random,4,148538,8181574,padded_control,2,encoder_block_2,0.8939299583435059,-5.629674911499023,-6.523604869842529
informationbaz_random_4,informationbaz,random,4,148538,8181574,padded_control,3,encoder_block_3,1.1165332794189453,-5.337451934814453,-6.453985214233398
informationbaz_random_4,informationbaz,random,4,148538,8181574,padded_control,4,encoder_block_4,1.1521930694580078,-4.928038597106934,-6.080231666564941
informationbaz_random_4,informationbaz,random,4,148538,8181574,padded_control,5,encoder_block_5,1.0096778869628906,-4.701727867126465,-5.7114057540893555
informationbaz_random_4,informationbaz,random,4,148538,8181574,padded_control,6,encoder_block_6,0.9998960494995117,-4.316488265991211,-5.316384315490723
informationbaz_random_4,informationbaz,random,4,148538,8181574,padded_control,7,encoder_block_7,1.0617547035217285,-4.391358375549316,-5.453113079071045
informationbaz_random_4,informationbaz,random,4,148538,8181574,padded_control,8,encoder_block_8,1.143526554107666,-4.616170406341553,-5.759696960449219
informationbaz_random_4,informationbaz,random,4,148538,8181574,padded_control,9,encoder_block_9,1.2563800811767578,-3.660740375518799,-4.917120456695557
informationbaz_random_4,informationbaz,random,4,148538,8181574,padded_control,10,encoder_block_10,0.12384462356567383,-2.566755533218384,-2.6906001567840576
informationbaz_random_4,informationbaz,random,4,148538,8181574,padded_control,11,encoder_block_11,-1.7253828644752502,-2.5416855812072754,-0.8163027167320251
informationbaz_random_4,informationbaz,random,4,148538,8181574,padded_control,12,encoder_block_12,-12.001279830932617,-25.052043914794922,-13.050764083862305
informationbaz_random_4,informationbaz,random,4,148538,8181574,attack,0,embedding,-0.11423206329345703,-4.003521919250488,-3.8892898559570312
informationbaz_random_4,informationbaz,random,4,148538,8181574,attack,1,encoder_block_1,0.23609352111816406,-5.413886070251465,-5.649979591369629
informationbaz_random_4,informationbaz,random,4,148538,8181574,attack,2,encoder_block_2,0.6697874069213867,-5.199003219604492,-5.868790626525879
informationbaz_random_4,informationbaz,random,4,148538,8181574,attack,3,encoder_block_3,0.9268321990966797,-4.806665420532227,-5.733497619628906
informationbaz_random_4,informationbaz,random,4,148538,8181574,attack,4,encoder_block_4,0.9752168655395508,-4.319118022918701,-5.294334888458252
informationbaz_random_4,informationbaz,random,4,148538,8181574,attack,5,encoder_block_5,0.8847088813781738,-4.220932960510254,-5.105641841888428
informationbaz_random_4,informationbaz,random,4,148538,8181574,attack,6,encoder_block_6,0.9102785587310791,-3.666015863418579,-4.576294422149658
informationbaz_random_4,informationbaz,random,4,148538,8181574,attack,7,encoder_block_7,0.9045805931091309,-3.792336940765381,-4.696917533874512
informationbaz_random_4,informationbaz,random,4,148538,8181574,attack,8,encoder_block_8,1.0947158336639404,-3.895235300064087,-4.989951133728027
informationbaz_random_4,informationbaz,random,4,148538,8181574,attack,9,encoder_block_9,1.1902272701263428,-3.144883871078491,-4.335111141204834
informationbaz_random_4,informationbaz,random,4,148538,8181574,attack,10,encoder_block_10,0.145737886428833,-2.2875120639801025,-2.4332499504089355
informationbaz_random_4,informationbaz,random,4,148538,8181574,attack,11,encoder_block_11,-1.724921464920044,-2.5285472869873047,-0.8036258220672607
informationbaz_random_4,informationbaz,random,4,148538,8181574,attack,12,encoder_block_12,-11.952048301696777,-24.86627960205078,-12.914231300354004
informationbaz_random_4,informationbaz,random,4,156493,2411918,original,0,embedding,0.6322650909423828,-6.165323257446289,-6.797588348388672
informationbaz_random_4,informationbaz,random,4,156493,2411918,original,1,encoder_block_1,1.3086433410644531,-4.361275672912598,-5.669919013977051
informationbaz_random_4,informationbaz,random,4,156493,2411918,original,2,encoder_block_2,1.3716647624969482,-3.5833346843719482,-4.9549994468688965
informationbaz_random_4,informationbaz,random,4,156493,2411918,original,3,encoder_block_3,1.3721928596496582,-2.981797218322754,-4.353990077972412
informationbaz_random_4,informationbaz,random,4,156493,2411918,original,4,encoder_block_4,1.5484943389892578,-3.1031408309936523,-4.65163516998291
informationbaz_random_4,informationbaz,random,4,156493,2411918,original,5,encoder_block_5,1.7920410633087158,-3.467393636703491,-5.259434700012207
informationbaz_random_4,informationbaz,random,4,156493,2411918,original,6,encoder_block_6,1.719512939453125,-3.3470520973205566,-5.066565036773682
informationbaz_random_4,informationbaz,random,4,156493,2411918,original,7,encoder_block_7,1.8959312438964844,-3.245851516723633,-5.141782760620117
informationbaz_random_4,informationbaz,random,4,156493,2411918,original,8,encoder_block_8,1.911412000656128,-3.0138180255889893,-4.925230026245117
informationbaz_random_4,informationbaz,random,4,156493,2411918,original,9,encoder_block_9,1.913116693496704,-2.9756834506988525,-4.888800144195557
informationbaz_random_4,informationbaz,random,4,156493,2411918,original,10,encoder_block_10,1.790907382965088,-2.7071633338928223,-4.49807071685791
informationbaz_random_4,informationbaz,random,4,156493,2411918,original,11,encoder_block_11,2.6601219177246094,-1.6852078437805176,-4.345329761505127
informationbaz_random_4,informationbaz,random,4,156493,2411918,original,12,encoder_block_12,1.821057140827179,0.46397703886032104,-1.357080101966858
informationbaz_random_4,informationbaz,random,4,156493,2411918,padded_control,0,embedding,0.6322646141052246,-6.165323257446289,-6.797587871551514
informationbaz_random_4,informationbaz,random,4,156493,2411918,padded_control,1,encoder_block_1,1.2972698211669922,-4.358526229858398,-5.655796051025391
informationbaz_random_4,informationbaz,random,4,156493,2411918,padded_control,2,encoder_block_2,1.3482091426849365,-3.5502922534942627,-4.898501396179199
informationbaz_random_4,informationbaz,random,4,156493,2411918,padded_control,3,encoder_block_3,1.3571338653564453,-2.935751438140869,-4.2928853034973145
informationbaz_random_4,informationbaz,random,4,156493,2411918,padded_control,4,encoder_block_4,1.5310299396514893,-3.0589759349823,-4.590005874633789
informationbaz_random_4,informationbaz,random,4,156493,2411918,padded_control,5,encoder_block_5,1.786461353302002,-3.4148693084716797,-5.201330661773682
informationbaz_random_4,informationbaz,random,4,156493,2411918,padded_control,6,encoder_block_6,1.6987600326538086,-3.307034969329834,-5.005795001983643
informationbaz_random_4,informationbaz,random,4,156493,2411918,padded_control,7,encoder_block_7,1.8836297988891602,-3.2518959045410156,-5.135525703430176
informationbaz_random_4,informationbaz,random,4,156493,2411918,padded_control,8,encoder_block_8,1.9044127464294434,-3.0374655723571777,-4.941878318786621
informationbaz_random_4,informationbaz,random,4,156493,2411918,padded_control,9,encoder_block_9,1.9105403423309326,-2.997469186782837,-4.9080095291137695
informationbaz_random_4,informationbaz,random,4,156493,2411918,padded_control,10,encoder_block_10,1.817751407623291,-2.7475976943969727,-4.565349102020264
informationbaz_random_4,informationbaz,random,4,156493,2411918,padded_control,11,encoder_block_11,2.699413776397705,-1.7086548805236816,-4.408068656921387
informationbaz_random_4,informationbaz,random,4,156493,2411918,padded_control,12,encoder_block_12,1.957501769065857,0.3163248300552368,-1.6411769390106201
informationbaz_random_4,informationbaz,random,4,156493,2411918,attack,0,embedding,0.48442888259887695,-6.204728603363037,-6.689157485961914
informationbaz_random_4,informationbaz,random,4,156493,2411918,attack,1,encoder_block_1,1.0733752250671387,-4.113234519958496,-5.186609745025635
informationbaz_random_4,informationbaz,random,4,156493,2411918,attack,2,encoder_block_2,1.1185393333435059,-3.2277321815490723,-4.346271514892578
informationbaz_random_4,informationbaz,random,4,156493,2411918,attack,3,encoder_block_3,1.1614680290222168,-2.499833106994629,-3.6613011360168457
informationbaz_random_4,informationbaz,random,4,156493,2411918,attack,4,encoder_block_4,1.3496921062469482,-2.3684191703796387,-3.718111276626587
informationbaz_random_4,informationbaz,random,4,156493,2411918,attack,5,encoder_block_5,1.6636378765106201,-2.725836992263794,-4.389474868774414
informationbaz_random_4,informationbaz,random,4,156493,2411918,attack,6,encoder_block_6,1.538832187652588,-2.5163931846618652,-4.055225372314453
informationbaz_random_4,informationbaz,random,4,156493,2411918,attack,7,encoder_block_7,1.7007114887237549,-2.4623630046844482,-4.163074493408203
informationbaz_random_4,informationbaz,random,4,156493,2411918,attack,8,encoder_block_8,1.7823328971862793,-2.5453782081604004,-4.32771110534668
informationbaz_random_4,informationbaz,random,4,156493,2411918,attack,9,encoder_block_9,1.843916893005371,-2.5739688873291016,-4.417885780334473
informationbaz_random_4,informationbaz,random,4,156493,2411918,attack,10,encoder_block_10,1.7435693740844727,-2.4274277687072754,-4.170997142791748
informationbaz_random_4,informationbaz,random,4,156493,2411918,attack,11,encoder_block_11,2.3237578868865967,-1.0392005443572998,-3.3629584312438965
informationbaz_random_4,informationbaz,random,4,156493,2411918,attack,12,encoder_block_12,1.3734891414642334,0.7603068351745605,-0.6131823062896729
informationbaz_random_4,informationbaz,random,4,168216,3174840,original,0,embedding,-0.6338040828704834,-3.5511248111724854,-2.917320728302002
informationbaz_random_4,informationbaz,random,4,168216,3174840,original,1,encoder_block_1,-0.38515686988830566,-3.878232479095459,-3.4930756092071533
informationbaz_random_4,informationbaz,random,4,168216,3174840,original,2,encoder_block_2,-0.26822423934936523,-3.3827953338623047,-3.1145710945129395
informationbaz_random_4,informationbaz,random,4,168216,3174840,original,3,encoder_block_3,0.08781838417053223,-2.9803786277770996,-3.068197011947632
informationbaz_random_4,informationbaz,random,4,168216,3174840,original,4,encoder_block_4,0.1511220932006836,-3.4681711196899414,-3.619293212890625
informationbaz_random_4,informationbaz,random,4,168216,3174840,original,5,encoder_block_5,0.07193803787231445,-3.06147837638855,-3.1334164142608643
informationbaz_random_4,informationbaz,random,4,168216,3174840,original,6,encoder_block_6,0.048872947692871094,-2.653606414794922,-2.702479362487793
informationbaz_random_4,informationbaz,random,4,168216,3174840,original,7,encoder_block_7,0.15331602096557617,-2.3827033042907715,-2.5360193252563477
informationbaz_random_4,informationbaz,random,4,168216,3174840,original,8,encoder_block_8,0.19317245483398438,-2.2581753730773926,-2.451347827911377
informationbaz_random_4,informationbaz,random,4,168216,3174840,original,9,encoder_block_9,0.5074460506439209,-1.7202701568603516,-2.2277162075042725
informationbaz_random_4,informationbaz,random,4,168216,3174840,original,10,encoder_block_10,0.6587412357330322,-2.010251522064209,-2.668992757797241
informationbaz_random_4,informationbaz,random,4,168216,3174840,original,11,encoder_block_11,1.8547282218933105,-1.9030916690826416,-3.757819890975952
informationbaz_random_4,informationbaz,random,4,168216,3174840,original,12,encoder_block_12,3.0764989852905273,-2.7218151092529297,-5.798314094543457
informationbaz_random_4,informationbaz,random,4,168216,3174840,padded_control,0,embedding,-0.633803129196167,-3.55112361907959,-2.917320489883423
informationbaz_random_4,informationbaz,random,4,168216,3174840,padded_control,1,encoder_block_1,-0.3801121711730957,-3.8734827041625977,-3.493370532989502
informationbaz_random_4,informationbaz,random,4,168216,3174840,padded_control,2,encoder_block_2,-0.2673335075378418,-3.3956704139709473,-3.1283369064331055
informationbaz_random_4,informationbaz,random,4,168216,3174840,padded_control,3,encoder_block_3,0.08075380325317383,-2.9870853424072266,-3.0678391456604004
informationbaz_random_4,informationbaz,random,4,168216,3174840,padded_control,4,encoder_block_4,0.1372208595275879,-3.4803102016448975,-3.6175310611724854
informationbaz_random_4,informationbaz,random,4,168216,3174840,padded_control,5,encoder_block_5,0.05811166763305664,-3.0871033668518066,-3.1452150344848633
informationbaz_random_4,informationbaz,random,4,168216,3174840,padded_control,6,encoder_block_6,0.04491567611694336,-2.6739511489868164,-2.7188668251037598
informationbaz_random_4,informationbaz,random,4,168216,3174840,padded_control,7,encoder_block_7,0.15750861167907715,-2.414062261581421,-2.571570873260498
informationbaz_random_4,informationbaz,random,4,168216,3174840,padded_control,8,encoder_block_8,0.17409801483154297,-2.3007211685180664,-2.4748191833496094
informationbaz_random_4,informationbaz,random,4,168216,3174840,padded_control,9,encoder_block_9,0.5167911052703857,-1.7373087406158447,-2.2540998458862305
informationbaz_random_4,informationbaz,random,4,168216,3174840,padded_control,10,encoder_block_10,0.6656081676483154,-1.8524577617645264,-2.518065929412842
informationbaz_random_4,informationbaz,random,4,168216,3174840,padded_control,11,encoder_block_11,1.8519692420959473,-1.8185272216796875,-3.6704964637756348
informationbaz_random_4,informationbaz,random,4,168216,3174840,padded_control,12,encoder_block_12,3.0571274757385254,-2.5907225608825684,-5.647850036621094
informationbaz_random_4,informationbaz,random,4,168216,3174840,attack,0,embedding,-0.7027132511138916,-3.4427683353424072,-2.7400550842285156
informationbaz_random_4,informationbaz,random,4,168216,3174840,attack,1,encoder_block_1,-0.4982645511627197,-3.7045514583587646,-3.206286907196045
informationbaz_random_4,informationbaz,random,4,168216,3174840,attack,2,encoder_block_2,-0.41721057891845703,-2.9846858978271484,-2.5674753189086914
informationbaz_random_4,informationbaz,random,4,168216,3174840,attack,3,encoder_block_3,-0.0636439323425293,-2.5892539024353027,-2.5256099700927734
informationbaz_random_4,informationbaz,random,4,168216,3174840,attack,4,encoder_block_4,0.012532234191894531,-2.836817741394043,-2.8493499755859375
informationbaz_random_4,informationbaz,random,4,168216,3174840,attack,5,encoder_block_5,-0.0460207462310791,-2.5678279399871826,-2.5218071937561035
informationbaz_random_4,informationbaz,random,4,168216,3174840,attack,6,encoder_block_6,-0.1085653305053711,-2.2610840797424316,-2.1525187492370605
informationbaz_random_4,informationbaz,random,4,168216,3174840,attack,7,encoder_block_7,-0.05037426948547363,-2.0866918563842773,-2.0363175868988037
informationbaz_random_4,informationbaz,random,4,168216,3174840,attack,8,encoder_block_8,0.030955195426940918,-1.8895806074142456,-1.9205358028411865
informationbaz_random_4,informationbaz,random,4,168216,3174840,attack,9,encoder_block_9,0.3612178564071655,-1.489980936050415,-1.8511987924575806
informationbaz_random_4,informationbaz,random,4,168216,3174840,attack,10,encoder_block_10,0.5273593664169312,-1.6173425912857056,-2.1447019577026367
informationbaz_random_4,informationbaz,random,4,168216,3174840,attack,11,encoder_block_11,1.617639422416687,-1.146936058998108,-2.764575481414795
informationbaz_random_4,informationbaz,random,4,168216,3174840,attack,12,encoder_block_12,2.61695659160614,-1.312637448310852,-3.929594039916992
informationbaz_random_4,informationbaz,random,4,182539,57443,original,0,embedding,0.25229859352111816,-3.0987770557403564,-3.3510756492614746
informationbaz_random_4,informationbaz,random,4,182539,57443,original,1,encoder_block_1,-0.12431478500366211,-3.0616140365600586,-2.9372992515563965
informationbaz_random_4,informationbaz,random,4,182539,57443,original,2,encoder_block_2,0.010246992111206055,-2.8315062522888184,-2.8417532444000244
informationbaz_random_4,informationbaz,random,4,182539,57443,original,3,encoder_block_3,0.09357953071594238,-2.5237066745758057,-2.617286205291748
informationbaz_random_4,informationbaz,random,4,182539,57443,original,4,encoder_block_4,0.16089987754821777,-2.2438340187072754,-2.404733896255493
informationbaz_random_4,informationbaz,random,4,182539,57443,original,5,encoder_block_5,0.39868998527526855,-1.7787418365478516,-2.17743182182312
informationbaz_random_4,informationbaz,random,4,182539,57443,original,6,encoder_block_6,0.3436722755432129,-1.8078744411468506,-2.1515467166900635
informationbaz_random_4,informationbaz,random,4,182539,57443,original,7,encoder_block_7,0.4343082904815674,-1.9554028511047363,-2.3897111415863037
informationbaz_random_4,informationbaz,random,4,182539,57443,original,8,encoder_block_8,0.6768031120300293,-2.3667917251586914,-3.0435948371887207
informationbaz_random_4,informationbaz,random,4,182539,57443,original,9,encoder_block_9,0.8573448657989502,-1.9474880695343018,-2.804832935333252
informationbaz_random_4,informationbaz,random,4,182539,57443,original,10,encoder_block_10,1.3166866302490234,-2.9012622833251953,-4.217948913574219
informationbaz_random_4,informationbaz,random,4,182539,57443,original,11,encoder_block_11,2.9638657569885254,-5.123891353607178,-8.087757110595703
informationbaz_random_4,informationbaz,random,4,182539,57443,original,12,encoder_block_12,5.838619232177734,-14.321832656860352,-20.160451889038086
informationbaz_random_4,informationbaz,random,4,182539,57443,padded_control,0,embedding,0.25229835510253906,-3.0987772941589355,-3.3510756492614746
informationbaz_random_4,informationbaz,random,4,182539,57443,padded_control,1,encoder_block_1,-0.10291814804077148,-3.068592071533203,-2.9656739234924316
informationbaz_random_4,informationbaz,random,4,182539,57443,padded_control,2,encoder_block_2,0.024486303329467773,-2.865833282470703,-2.890319585800171
informationbaz_random_4,informationbaz,random,4,182539,57443,padded_control,3,encoder_block_3,0.09164714813232422,-2.5699591636657715,-2.6616063117980957
informationbaz_random_4,informationbaz,random,4,182539,57443,padded_control,4,encoder_block_4,0.16604971885681152,-2.2978625297546387,-2.46391224861145
informationbaz_random_4,informationbaz,random,4,182539,57443,padded_control,5,encoder_block_5,0.39818596839904785,-1.797961711883545,-2.1961476802825928
informationbaz_random_4,informationbaz,random,4,182539,57443,padded_control,6,encoder_block_6,0.3340153694152832,-1.8077003955841064,-2.1417157649993896
informationbaz_random_4,informationbaz,random,4,182539,57443,padded_control,7,encoder_block_7,0.43575525283813477,-1.9550349712371826,-2.3907902240753174
informationbaz_random_4,informationbaz,random,4,182539,57443,padded_control,8,encoder_block_8,0.6693844795227051,-2.371273994445801,-3.040658473968506
informationbaz_random_4,informationbaz,random,4,182539,57443,padded_control,9,encoder_block_9,0.8682651519775391,-1.9601669311523438,-2.828432083129883
informationbaz_random_4,informationbaz,random,4,182539,57443,padded_control,10,encoder_block_10,1.3361749649047852,-2.9079337120056152,-4.2441086769104
informationbaz_random_4,informationbaz,random,4,182539,57443,padded_control,11,encoder_block_11,3.0170888900756836,-5.209773063659668,-8.226861953735352
informationbaz_random_4,informationbaz,random,4,182539,57443,padded_control,12,encoder_block_12,5.861837387084961,-14.423574447631836,-20.285411834716797
informationbaz_random_4,informationbaz,random,4,182539,57443,attack,0,embedding,0.16836142539978027,-3.3546390533447266,-3.523000478744507
informationbaz_random_4,informationbaz,random,4,182539,57443,attack,1,encoder_block_1,-0.0626988410949707,-3.2715139389038086,-3.208815097808838
informationbaz_random_4,informationbaz,random,4,182539,57443,attack,2,encoder_block_2,-0.029014110565185547,-2.7196693420410156,-2.69065523147583
informationbaz_random_4,informationbaz,random,4,182539,57443,attack,3,encoder_block_3,0.05075526237487793,-2.1400980949401855,-2.1908533573150635
informationbaz_random_4,informationbaz,random,4,182539,57443,attack,4,encoder_block_4,0.03616762161254883,-1.7045114040374756,-1.7406790256500244
informationbaz_random_4,informationbaz,random,4,182539,57443,attack,5,encoder_block_5,0.285037636756897,-1.2566754817962646,-1.5417131185531616
informationbaz_random_4,informationbaz,random,4,182539,57443,attack,6,encoder_block_6,0.29197418689727783,-1.1662241220474243,-1.4581983089447021
informationbaz_random_4,informationbaz,random,4,182539,57443,attack,7,encoder_block_7,0.3813047409057617,-1.4364190101623535,-1.8177237510681152
informationbaz_random_4,informationbaz,random,4,182539,57443,attack,8,encoder_block_8,0.6941086053848267,-1.7418097257614136,-2.4359183311462402
informationbaz_random_4,informationbaz,random,4,182539,57443,attack,9,encoder_block_9,0.8496197462081909,-1.523403525352478,-2.373023271560669
informationbaz_random_4,informationbaz,random,4,182539,57443,attack,10,encoder_block_10,1.2150108814239502,-2.1994335651397705,-3.4144444465637207
informationbaz_random_4,informationbaz,random,4,182539,57443,attack,11,encoder_block_11,2.541281223297119,-3.484891891479492,-6.026173114776611
informationbaz_random_4,informationbaz,random,4,182539,57443,attack,12,encoder_block_12,5.129622459411621,-11.318753242492676,-16.448375701904297
informationbaz_random_4,informationbaz,random,4,183378,5040199,original,0,embedding,-0.08653402328491211,-5.93322229385376,-5.846688270568848
informationbaz_random_4,informationbaz,random,4,183378,5040199,original,1,encoder_block_1,-0.038196563720703125,-4.636749267578125,-4.598552703857422
informationbaz_random_4,informationbaz,random,4,183378,5040199,original,2,encoder_block_2,-0.062957763671875,-4.596679210662842,-4.533721446990967
informationbaz_random_4,informationbaz,random,4,183378,5040199,original,3,encoder_block_3,0.16552352905273438,-4.037254333496094,-4.202777862548828
informationbaz_random_4,informationbaz,random,4,183378,5040199,original,4,encoder_block_4,0.5493338108062744,-3.5024759769439697,-4.051809787750244
informationbaz_random_4,informationbaz,random,4,183378,5040199,original,5,encoder_block_5,0.523047924041748,-3.471149444580078,-3.994197368621826
informationbaz_random_4,informationbaz,random,4,183378,5040199,original,6,encoder_block_6,0.40465784072875977,-3.246328115463257,-3.6509859561920166
informationbaz_random_4,informationbaz,random,4,183378,5040199,original,7,encoder_block_7,0.5678186416625977,-3.3856964111328125,-3.95351505279541
informationbaz_random_4,informationbaz,random,4,183378,5040199,original,8,encoder_block_8,0.4849131107330322,-3.4772605895996094,-3.9621737003326416
informationbaz_random_4,informationbaz,random,4,183378,5040199,original,9,encoder_block_9,0.664161205291748,-2.315248966217041,-2.979410171508789
informationbaz_random_4,informationbaz,random,4,183378,5040199,original,10,encoder_block_10,0.48624634742736816,-2.0293128490448,-2.515559196472168
informationbaz_random_4,informationbaz,random,4,183378,5040199,original,11,encoder_block_11,-1.16389799118042,-1.1423873901367188,0.021510601043701172
informationbaz_random_4,informationbaz,random,4,183378,5040199,original,12,encoder_block_12,-11.67852783203125,-24.555309295654297,-12.876781463623047
informationbaz_random_4,informationbaz,random,4,183378,5040199,padded_control,0,embedding,-0.0865335464477539,-5.933221817016602,-5.846688270568848
informationbaz_random_4,informationbaz,random,4,183378,5040199,padded_control,1,encoder_block_1,-0.04204559326171875,-4.643368721008301,-4.601323127746582
informationbaz_random_4,informationbaz,random,4,183378,5040199,padded_control,2,encoder_block_2,-0.06506776809692383,-4.60983419418335,-4.544766426086426
informationbaz_random_4,informationbaz,random,4,183378,5040199,padded_control,3,encoder_block_3,0.1546177864074707,-4.056674003601074,-4.211291790008545
informationbaz_random_4,informationbaz,random,4,183378,5040199,padded_control,4,encoder_block_4,0.5432214736938477,-3.491121292114258,-4.0343427658081055
informationbaz_random_4,informationbaz,random,4,183378,5040199,padded_control,5,encoder_block_5,0.505403995513916,-3.4443697929382324,-3.9497737884521484
informationbaz_random_4,informationbaz,random,4,183378,5040199,padded_control,6,encoder_block_6,0.3834066390991211,-3.249462127685547,-3.632868766784668
informationbaz_random_4,informationbaz,random,4,183378,5040199,padded_control,7,encoder_block_7,0.5565104484558105,-3.401050090789795,-3.9575605392456055
informationbaz_random_4,informationbaz,random,4,183378,5040199,padded_control,8,encoder_block_8,0.4797627925872803,-3.483705997467041,-3.9634687900543213
informationbaz_random_4,informationbaz,random,4,183378,5040199,padded_control,9,encoder_block_9,0.6638174057006836,-2.325808048248291,-2.9896254539489746
informationbaz_random_4,informationbaz,random,4,183378,5040199,padded_control,10,encoder_block_10,0.47911596298217773,-2.0528531074523926,-2.5319690704345703
informationbaz_random_4,informationbaz,random,4,183378,5040199,padded_control,11,encoder_block_11,-1.2406513094902039,-1.2706853151321411,-0.030034005641937256
informationbaz_random_4,informationbaz,random,4,183378,5040199,padded_control,12,encoder_block_12,-11.721796989440918,-24.582958221435547,-12.861161231994629
informationbaz_random_4,informationbaz,random,4,183378,5040199,attack,0,embedding,-0.11417341232299805,-6.075965881347656,-5.961792469024658
informationbaz_random_4,informationbaz,random,4,183378,5040199,attack,1,encoder_block_1,0.029438018798828125,-4.285674095153809,-4.315112113952637
informationbaz_random_4,informationbaz,random,4,183378,5040199,attack,2,encoder_block_2,-0.07014656066894531,-4.107653617858887,-4.037507057189941
informationbaz_random_4,informationbaz,random,4,183378,5040199,attack,3,encoder_block_3,0.14574885368347168,-3.616457939147949,-3.762206792831421
informationbaz_random_4,informationbaz,random,4,183378,5040199,attack,4,encoder_block_4,0.4790675640106201,-2.924163818359375,-3.403231382369995
informationbaz_random_4,informationbaz,random,4,183378,5040199,attack,5,encoder_block_5,0.4152262210845947,-2.8919618129730225,-3.307188034057617
informationbaz_random_4,informationbaz,random,4,183378,5040199,attack,6,encoder_block_6,0.2767984867095947,-2.8352315425872803,-3.112030029296875
informationbaz_random_4,informationbaz,random,4,183378,5040199,attack,7,encoder_block_7,0.4870433807373047,-3.006822347640991,-3.493865728378296
informationbaz_random_4,informationbaz,random,4,183378,5040199,attack,8,encoder_block_8,0.4774963855743408,-3.0933895111083984,-3.5708858966827393
informationbaz_random_4,informationbaz,random,4,183378,5040199,attack,9,encoder_block_9,0.7129652500152588,-2.1070072650909424,-2.819972515106201
informationbaz_random_4,informationbaz,random,4,183378,5040199,attack,10,encoder_block_10,0.5795714855194092,-1.8094942569732666,-2.389065742492676
informationbaz_random_4,informationbaz,random,4,183378,5040199,attack,11,encoder_block_11,-1.124756395816803,-1.0890917778015137,0.03566461801528931
informationbaz_random_4,informationbaz,random,4,183378,5040199,attack,12,encoder_block_12,-11.829115867614746,-24.583648681640625,-12.754532814025879
informationbaz_random_4,informationbaz,random,4,19335,8412684,original,0,embedding,0.4543437957763672,-5.062710762023926,-5.517054557800293
informationbaz_random_4,informationbaz,random,4,19335,8412684,original,1,encoder_block_1,0.575559139251709,-4.640526294708252,-5.216085433959961
informationbaz_random_4,informationbaz,random,4,19335,8412684,original,2,encoder_block_2,0.7931208610534668,-4.255328178405762,-5.0484490394592285
informationbaz_random_4,informationbaz,random,4,19335,8412684,original,3,encoder_block_3,0.6508738994598389,-3.8493473529815674,-4.500221252441406
informationbaz_random_4,informationbaz,random,4,19335,8412684,original,4,encoder_block_4,0.728416919708252,-4.04656982421875,-4.774986743927002
informationbaz_random_4,informationbaz,random,4,19335,8412684,original,5,encoder_block_5,0.7303013801574707,-4.0729217529296875,-4.803223133087158
informationbaz_random_4,informationbaz,random,4,19335,8412684,original,6,encoder_block_6,0.867795467376709,-3.8063807487487793,-4.674176216125488
informationbaz_random_4,informationbaz,random,4,19335,8412684,original,7,encoder_block_7,1.1068263053894043,-3.512424945831299,-4.619251251220703
informationbaz_random_4,informationbaz,random,4,19335,8412684,original,8,encoder_block_8,1.3754048347473145,-3.231975555419922,-4.607380390167236
informationbaz_random_4,informationbaz,random,4,19335,8412684,original,9,encoder_block_9,1.2622122764587402,-2.5202603340148926,-3.782472610473633
informationbaz_random_4,informationbaz,random,4,19335,8412684,original,10,encoder_block_10,1.2494158744812012,-2.428591251373291,-3.678007125854492
informationbaz_random_4,informationbaz,random,4,19335,8412684,original,11,encoder_block_11,1.8081707954406738,-1.2840275764465332,-3.092198371887207
informationbaz_random_4,informationbaz,random,4,19335,8412684,original,12,encoder_block_12,2.0300610661506653,-0.15148133039474487,-2.18154239654541
informationbaz_random_4,informationbaz,random,4,19335,8412684,padded_control,0,embedding,0.4543437957763672,-5.062711715698242,-5.517055511474609
informationbaz_random_4,informationbaz,random,4,19335,8412684,padded_control,1,encoder_block_1,0.5875024795532227,-4.682500839233398,-5.270003318786621
informationbaz_random_4,informationbaz,random,4,19335,8412684,padded_control,2,encoder_block_2,0.7969660758972168,-4.308863162994385,-5.105829238891602
informationbaz_random_4,informationbaz,random,4,19335,8412684,padded_control,3,encoder_block_3,0.6517815589904785,-3.9196324348449707,-4.571413993835449
informationbaz_random_4,informationbaz,random,4,19335,8412684,padded_control,4,encoder_block_4,0.7279610633850098,-4.157458305358887,-4.8854193687438965
informationbaz_random_4,informationbaz,random,4,19335,8412684,padded_control,5,encoder_block_5,0.732666015625,-4.143339157104492,-4.876005172729492
informationbaz_random_4,informationbaz,random,4,19335,8412684,padded_control,6,encoder_block_6,0.8641757965087891,-3.896726608276367,-4.760902404785156
informationbaz_random_4,informationbaz,random,4,19335,8412684,padded_control,7,encoder_block_7,1.1078250408172607,-3.6042091846466064,-4.712034225463867
informationbaz_random_4,informationbaz,random,4,19335,8412684,padded_control,8,encoder_block_8,1.3759713172912598,-3.21925687789917,-4.59522819519043
informationbaz_random_4,informationbaz,random,4,19335,8412684,padded_control,9,encoder_block_9,1.2710914611816406,-2.5387301445007324,-3.809821605682373
informationbaz_random_4,informationbaz,random,4,19335,8412684,padded_control,10,encoder_block_10,1.254155158996582,-2.3876490592956543,-3.6418042182922363
informationbaz_random_4,informationbaz,random,4,19335,8412684,padded_control,11,encoder_block_11,1.8018074035644531,-1.2088665962219238,-3.010673999786377
informationbaz_random_4,informationbaz,random,4,19335,8412684,padded_control,12,encoder_block_12,2.077030837535858,-0.1620054841041565,-2.2390363216400146
informationbaz_random_4,informationbaz,random,4,19335,8412684,attack,0,embedding,0.24840021133422852,-5.162469387054443,-5.410869598388672
informationbaz_random_4,informationbaz,random,4,19335,8412684,attack,1,encoder_block_1,0.4089059829711914,-4.221916198730469,-4.63082218170166
informationbaz_random_4,informationbaz,random,4,19335,8412684,attack,2,encoder_block_2,0.5366153717041016,-3.460021495819092,-3.9966368675231934
informationbaz_random_4,informationbaz,random,4,19335,8412684,attack,3,encoder_block_3,0.3957555294036865,-3.159886360168457,-3.5556418895721436
informationbaz_random_4,informationbaz,random,4,19335,8412684,attack,4,encoder_block_4,0.4527144432067871,-3.134274482727051,-3.586988925933838
informationbaz_random_4,informationbaz,random,4,19335,8412684,attack,5,encoder_block_5,0.6257531642913818,-3.2030699253082275,-3.8288230895996094
informationbaz_random_4,informationbaz,random,4,19335,8412684,attack,6,encoder_block_6,0.7375433444976807,-3.0443572998046875,-3.781900644302368
informationbaz_random_4,informationbaz,random,4,19335,8412684,attack,7,encoder_block_7,0.9184155464172363,-2.8461380004882812,-3.7645535469055176
informationbaz_random_4,informationbaz,random,4,19335,8412684,attack,8,encoder_block_8,1.2573471069335938,-2.587618112564087,-3.8449652194976807
informationbaz_random_4,informationbaz,random,4,19335,8412684,attack,9,encoder_block_9,1.2123947143554688,-2.185621976852417,-3.3980166912078857
informationbaz_random_4,informationbaz,random,4,19335,8412684,attack,10,encoder_block_10,1.3102374076843262,-2.377652168273926,-3.687889575958252
informationbaz_random_4,informationbaz,random,4,19335,8412684,attack,11,encoder_block_11,1.8437416553497314,-1.2436604499816895,-3.087402105331421
informationbaz_random_4,informationbaz,random,4,19335,8412684,attack,12,encoder_block_12,1.6994444131851196,0.26262128353118896,-1.4368231296539307
informationbaz_random_4,informationbaz,random,4,207786,2998723,original,0,embedding,0.36946868896484375,-5.932904243469238,-6.302372932434082
informationbaz_random_4,informationbaz,random,4,207786,2998723,original,1,encoder_block_1,0.07175970077514648,-5.73089599609375,-5.8026556968688965
informationbaz_random_4,informationbaz,random,4,207786,2998723,original,2,encoder_block_2,0.10143327713012695,-5.693294048309326,-5.794727325439453
informationbaz_random_4,informationbaz,random,4,207786,2998723,original,3,encoder_block_3,0.09864234924316406,-5.405796051025391,-5.504438400268555
informationbaz_random_4,informationbaz,random,4,207786,2998723,original,4,encoder_block_4,0.3614974021911621,-5.139753818511963,-5.501251220703125
informationbaz_random_4,informationbaz,random,4,207786,2998723,original,5,encoder_block_5,0.37331581115722656,-4.937070846557617,-5.310386657714844
informationbaz_random_4,informationbaz,random,4,207786,2998723,original,6,encoder_block_6,0.4203805923461914,-4.7074174880981445,-5.127798080444336
informationbaz_random_4,informationbaz,random,4,207786,2998723,original,7,encoder_block_7,0.7421231269836426,-4.592206001281738,-5.334329128265381
informationbaz_random_4,informationbaz,random,4,207786,2998723,original,8,encoder_block_8,0.6411762237548828,-4.4804840087890625,-5.121660232543945
informationbaz_random_4,informationbaz,random,4,207786,2998723,original,9,encoder_block_9,1.066925048828125,-4.072627067565918,-5.139552116394043
informationbaz_random_4,informationbaz,random,4,207786,2998723,original,10,encoder_block_10,1.058253288269043,-3.6640148162841797,-4.722268104553223
informationbaz_random_4,informationbaz,random,4,207786,2998723,original,11,encoder_block_11,1.316877841949463,-2.8481249809265137,-4.165002822875977
informationbaz_random_4,informationbaz,random,4,207786,2998723,original,12,encoder_block_12,-4.207484245300293,-8.34081745147705,-4.133333206176758
informationbaz_random_4,informationbaz,random,4,207786,2998723,padded_control,0,embedding,0.36946916580200195,-5.932904243469238,-6.30237340927124
informationbaz_random_4,informationbaz,random,4,207786,2998723,padded_control,1,encoder_block_1,0.07496166229248047,-5.732457160949707,-5.8074188232421875
informationbaz_random_4,informationbaz,random,4,207786,2998723,padded_control,2,encoder_block_2,0.11283683776855469,-5.692229270935059,-5.805066108703613
informationbaz_random_4,informationbaz,random,4,207786,2998723,padded_control,3,encoder_block_3,0.10814046859741211,-5.424309730529785,-5.532450199127197
informationbaz_random_4,informationbaz,random,4,207786,2998723,padded_control,4,encoder_block_4,0.36623048782348633,-5.155547618865967,-5.521778106689453
informationbaz_random_4,informationbaz,random,4,207786,2998723,padded_control,5,encoder_block_5,0.37282657623291016,-4.960757255554199,-5.333583831787109
informationbaz_random_4,informationbaz,random,4,207786,2998723,padded_control,6,encoder_block_6,0.415285587310791,-4.727750301361084,-5.143035888671875
informationbaz_random_4,informationbaz,random,4,207786,2998723,padded_control,7,encoder_block_7,0.730074405670166,-4.609969139099121,-5.340043544769287
informationbaz_random_4,informationbaz,random,4,207786,2998723,padded_control,8,encoder_block_8,0.6211738586425781,-4.514057159423828,-5.135231018066406
informationbaz_random_4,informationbaz,random,4,207786,2998723,padded_control,9,encoder_block_9,1.0451769828796387,-4.07124137878418,-5.116418361663818
informationbaz_random_4,informationbaz,random,4,207786,2998723,padded_control,10,encoder_block_10,1.0314421653747559,-3.654304027557373,-4.685746192932129
informationbaz_random_4,informationbaz,random,4,207786,2998723,padded_control,11,encoder_block_11,1.3187437057495117,-2.798689365386963,-4.117433071136475
informationbaz_random_4,informationbaz,random,4,207786,2998723,padded_control,12,encoder_block_12,-3.8887581825256348,-7.294036388397217,-3.405278205871582
informationbaz_random_4,informationbaz,random,4,207786,2998723,attack,0,embedding,0.28170108795166016,-5.849710464477539,-6.131411552429199
informationbaz_random_4,informationbaz,random,4,207786,2998723,attack,1,encoder_block_1,-0.09767580032348633,-5.619961261749268,-5.522285461425781
informationbaz_random_4,informationbaz,random,4,207786,2998723,attack,2,encoder_block_2,0.009515762329101562,-5.443981170654297,-5.453496932983398
informationbaz_random_4,informationbaz,random,4,207786,2998723,attack,3,encoder_block_3,0.046044349670410156,-5.108983993530273,-5.155028343200684
informationbaz_random_4,informationbaz,random,4,207786,2998723,attack,4,encoder_block_4,0.2756376266479492,-4.594058036804199,-4.869695663452148
informationbaz_random_4,informationbaz,random,4,207786,2998723,attack,5,encoder_block_5,0.3012270927429199,-4.373027324676514,-4.674254417419434
informationbaz_random_4,informationbaz,random,4,207786,2998723,attack,6,encoder_block_6,0.36402177810668945,-3.911616802215576,-4.275638580322266
informationbaz_random_4,informationbaz,random,4,207786,2998723,attack,7,encoder_block_7,0.684288501739502,-3.8516058921813965,-4.535894393920898
informationbaz_random_4,informationbaz,random,4,207786,2998723,attack,8,encoder_block_8,0.5982522964477539,-3.824276924133301,-4.422529220581055
informationbaz_random_4,informationbaz,random,4,207786,2998723,attack,9,encoder_block_9,1.055795669555664,-3.582547187805176,-4.63834285736084
informationbaz_random_4,informationbaz,random,4,207786,2998723,attack,10,encoder_block_10,1.010134220123291,-3.286942481994629,-4.29707670211792
informationbaz_random_4,informationbaz,random,4,207786,2998723,attack,11,encoder_block_11,1.1339874267578125,-2.4224486351013184,-3.556436061859131
informationbaz_random_4,informationbaz,random,4,207786,2998723,attack,12,encoder_block_12,-4.181034088134766,-8.70229434967041,-4.5212602615356445
informationbaz_random_4,informationbaz,random,4,264014,96854,original,0,embedding,0.49607229232788086,-3.456308603286743,-3.952380895614624
informationbaz_random_4,informationbaz,random,4,264014,96854,original,1,encoder_block_1,0.5599386692047119,-3.539567232131958,-4.09950590133667
informationbaz_random_4,informationbaz,random,4,264014,96854,original,2,encoder_block_2,0.6240677833557129,-3.541919708251953,-4.165987491607666
informationbaz_random_4,informationbaz,random,4,264014,96854,original,3,encoder_block_3,0.7548351287841797,-2.7802066802978516,-3.5350418090820312
informationbaz_random_4,informationbaz,random,4,264014,96854,original,4,encoder_block_4,1.0591216087341309,-2.0844860076904297,-3.1436076164245605
informationbaz_random_4,informationbaz,random,4,264014,96854,original,5,encoder_block_5,0.8237481117248535,-1.7711076736450195,-2.594855785369873
informationbaz_random_4,informationbaz,random,4,264014,96854,original,6,encoder_block_6,0.6433764696121216,-1.598204255104065,-2.2415807247161865
informationbaz_random_4,informationbaz,random,4,264014,96854,original,7,encoder_block_7,0.48343122005462646,-1.8229418992996216,-2.306373119354248
informationbaz_random_4,informationbaz,random,4,264014,96854,original,8,encoder_block_8,0.5262037515640259,-1.5429378747940063,-2.0691416263580322
informationbaz_random_4,informationbaz,random,4,264014,96854,original,9,encoder_block_9,0.5817686319351196,-1.5419524908065796,-2.123721122741699
informationbaz_random_4,informationbaz,random,4,264014,96854,original,10,encoder_block_10,0.2077465057373047,-2.23252534866333,-2.4402718544006348
informationbaz_random_4,informationbaz,random,4,264014,96854,original,11,encoder_block_11,0.411893367767334,-2.3489184379577637,-2.7608118057250977
informationbaz_random_4,informationbaz,random,4,264014,96854,original,12,encoder_block_12,-0.40719473361968994,-2.0653562545776367,-1.6581615209579468
informationbaz_random_4,informationbaz,random,4,264014,96854,padded_control,0,embedding,0.49607110023498535,-3.4563095569610596,-3.952380657196045
informationbaz_random_4,informationbaz,random,4,264014,96854,padded_control,1,encoder_block_1,0.5705199241638184,-3.576582431793213,-4.147102355957031
informationbaz_random_4,informationbaz,random,4,264014,96854,padded_control,2,encoder_block_2,0.6365480422973633,-3.567955493927002,-4.204503536224365
informationbaz_random_4,informationbaz,random,4,264014,96854,padded_control,3,encoder_block_3,0.7760992050170898,-2.807445526123047,-3.5835447311401367
informationbaz_random_4,informationbaz,random,4,264014,96854,padded_control,4,encoder_block_4,1.0828349590301514,-2.1231980323791504,-3.2060329914093018
informationbaz_random_4,informationbaz,random,4,264014,96854,padded_control,5,encoder_block_5,0.8434092998504639,-1.789668321609497,-2.633077621459961
informationbaz_random_4,informationbaz,random,4,264014,96854,padded_control,6,encoder_block_6,0.6767232418060303,-1.604595422744751,-2.2813186645507812
informationbaz_random_4,informationbaz,random,4,264014,96854,padded_control,7,encoder_block_7,0.5024392604827881,-1.853210210800171,-2.355649471282959
informationbaz_random_4,informationbaz,random,4,264014,96854,padded_control,8,encoder_block_8,0.5372207164764404,-1.569594144821167,-2.1068148612976074
informationbaz_random_4,informationbaz,random,4,264014,96854,padded_control,9,encoder_block_9,0.5985043048858643,-1.531677484512329,-2.1301817893981934
informationbaz_random_4,informationbaz,random,4,264014,96854,padded_control,10,encoder_block_10,0.20926618576049805,-2.2448575496673584,-2.4541237354278564
informationbaz_random_4,informationbaz,random,4,264014,96854,padded_control,11,encoder_block_11,0.35474514961242676,-2.3952085971832275,-2.7499537467956543
informationbaz_random_4,informationbaz,random,4,264014,96854,padded_control,12,encoder_block_12,-0.579810619354248,-2.2943646907806396,-1.7145540714263916
informationbaz_random_4,informationbaz,random,4,264014,96854,attack,0,embedding,0.3345305919647217,-3.7555201053619385,-4.09005069732666
informationbaz_random_4,informationbaz,random,4,264014,96854,attack,1,encoder_block_1,0.4623374938964844,-3.7967443466186523,-4.259081840515137
informationbaz_random_4,informationbaz,random,4,264014,96854,attack,2,encoder_block_2,0.5082354545593262,-3.5549817085266113,-4.0632171630859375
informationbaz_random_4,informationbaz,random,4,264014,96854,attack,3,encoder_block_3,0.63216233253479,-2.896016836166382,-3.528179168701172
informationbaz_random_4,informationbaz,random,4,264014,96854,attack,4,encoder_block_4,0.8984304666519165,-1.9767097234725952,-2.8751401901245117
informationbaz_random_4,informationbaz,random,4,264014,96854,attack,5,encoder_block_5,0.7508254051208496,-1.7225127220153809,-2.4733381271362305
informationbaz_random_4,informationbaz,random,4,264014,96854,attack,6,encoder_block_6,0.6345796585083008,-1.354274034500122,-1.9888536930084229
informationbaz_random_4,informationbaz,random,4,264014,96854,attack,7,encoder_block_7,0.4920172691345215,-1.6526870727539062,-2.1447043418884277
informationbaz_random_4,informationbaz,random,4,264014,96854,attack,8,encoder_block_8,0.525260329246521,-1.4152992963790894,-1.9405596256256104
informationbaz_random_4,informationbaz,random,4,264014,96854,attack,9,encoder_block_9,0.5843565464019775,-1.4200847148895264,-2.004441261291504
informationbaz_random_4,informationbaz,random,4,264014,96854,attack,10,encoder_block_10,0.12663483619689941,-2.0945096015930176,-2.221144437789917
informationbaz_random_4,informationbaz,random,4,264014,96854,attack,11,encoder_block_11,-0.08336162567138672,-2.516602039337158,-2.4332404136657715
informationbaz_random_4,informationbaz,random,4,264014,96854,attack,12,encoder_block_12,-2.686588764190674,-6.187345027923584,-3.50075626373291
informationbaz_random_4,informationbaz,random,4,359349,68647,original,0,embedding,0.9057087898254395,-3.997431755065918,-4.903140544891357
informationbaz_random_4,informationbaz,random,4,359349,68647,original,1,encoder_block_1,1.212301254272461,-4.5456037521362305,-5.757905006408691
informationbaz_random_4,informationbaz,random,4,359349,68647,original,2,encoder_block_2,1.292618751525879,-4.054434776306152,-5.347053527832031
informationbaz_random_4,informationbaz,random,4,359349,68647,original,3,encoder_block_3,1.3699212074279785,-3.3794898986816406,-4.749411106109619
informationbaz_random_4,informationbaz,random,4,359349,68647,original,4,encoder_block_4,1.5148863792419434,-2.5252623558044434,-4.040148735046387
informationbaz_random_4,informationbaz,random,4,359349,68647,original,5,encoder_block_5,1.420095443725586,-1.9256458282470703,-3.3457412719726562
informationbaz_random_4,informationbaz,random,4,359349,68647,original,6,encoder_block_6,1.35286283493042,-1.8073725700378418,-3.1602354049682617
informationbaz_random_4,informationbaz,random,4,359349,68647,original,7,encoder_block_7,1.3684884309768677,-1.7433780431747437,-3.1118664741516113
informationbaz_random_4,informationbaz,random,4,359349,68647,original,8,encoder_block_8,1.3052773475646973,-1.9360268115997314,-3.2413041591644287
informationbaz_random_4,informationbaz,random,4,359349,68647,original,9,encoder_block_9,1.481522560119629,-1.6200528144836426,-3.1015753746032715
informationbaz_random_4,informationbaz,random,4,359349,68647,original,10,encoder_block_10,1.5901272296905518,-2.0222761631011963,-3.612403392791748
informationbaz_random_4,informationbaz,random,4,359349,68647,original,11,encoder_block_11,2.9360296726226807,-3.4870173931121826,-6.423047065734863
informationbaz_random_4,informationbaz,random,4,359349,68647,original,12,encoder_block_12,4.2833967208862305,-9.178716659545898,-13.462113380432129
informationbaz_random_4,informationbaz,random,4,359349,68647,padded_control,0,embedding,0.9057090282440186,-3.997431993484497,-4.903141021728516
informationbaz_random_4,informationbaz,random,4,359349,68647,padded_control,1,encoder_block_1,1.2121000289916992,-4.533197402954102,-5.745297431945801
informationbaz_random_4,informationbaz,random,4,359349,68647,padded_control,2,encoder_block_2,1.282191276550293,-4.021969795227051,-5.304161071777344
informationbaz_random_4,informationbaz,random,4,359349,68647,padded_control,3,encoder_block_3,1.3583941459655762,-3.3422646522521973,-4.700658798217773
informationbaz_random_4,informationbaz,random,4,359349,68647,padded_control,4,encoder_block_4,1.499683141708374,-2.505772352218628,-4.005455493927002
informationbaz_random_4,informationbaz,random,4,359349,68647,padded_control,5,encoder_block_5,1.4066981077194214,-1.898640513420105,-3.3053386211395264
informationbaz_random_4,informationbaz,random,4,359349,68647,padded_control,6,encoder_block_6,1.3398956060409546,-1.7764583826065063,-3.116353988647461
informationbaz_random_4,informationbaz,random,4,359349,68647,padded_control,7,encoder_block_7,1.3622660636901855,-1.7301149368286133,-3.092381000518799
informationbaz_random_4,informationbaz,random,4,359349,68647,padded_control,8,encoder_block_8,1.3002350330352783,-1.9106569290161133,-3.2108919620513916
informationbaz_random_4,informationbaz,random,4,359349,68647,padded_control,9,encoder_block_9,1.4788038730621338,-1.6122374534606934,-3.091041326522827
informationbaz_random_4,informationbaz,random,4,359349,68647,padded_control,10,encoder_block_10,1.574113368988037,-1.9765751361846924,-3.5506885051727295
informationbaz_random_4,informationbaz,random,4,359349,68647,padded_control,11,encoder_block_11,2.8991472721099854,-3.3693783283233643,-6.26852560043335
informationbaz_random_4,informationbaz,random,4,359349,68647,padded_control,12,encoder_block_12,4.266594886779785,-9.050393104553223,-13.316987991333008
informationbaz_random_4,informationbaz,random,4,359349,68647,attack,0,embedding,0.6868600845336914,-4.224174499511719,-4.91103458404541
informationbaz_random_4,informationbaz,random,4,359349,68647,attack,1,encoder_block_1,0.961822509765625,-4.928925514221191,-5.890748023986816
informationbaz_random_4,informationbaz,random,4,359349,68647,attack,2,encoder_block_2,1.0687255859375,-3.860468864440918,-4.929194450378418
informationbaz_random_4,informationbaz,random,4,359349,68647,attack,3,encoder_block_3,1.1147806644439697,-3.061706304550171,-4.176486968994141
informationbaz_random_4,informationbaz,random,4,359349,68647,attack,4,encoder_block_4,1.2836267948150635,-2.03283953666687,-3.3164663314819336
informationbaz_random_4,informationbaz,random,4,359349,68647,attack,5,encoder_block_5,1.280790090560913,-1.3802013397216797,-2.6609914302825928
informationbaz_random_4,informationbaz,random,4,359349,68647,attack,6,encoder_block_6,1.232810378074646,-1.2331455945968628,-2.465955972671509
informationbaz_random_4,informationbaz,random,4,359349,68647,attack,7,encoder_block_7,1.2512547969818115,-1.300379753112793,-2.5516345500946045
informationbaz_random_4,informationbaz,random,4,359349,68647,attack,8,encoder_block_8,1.2556321620941162,-1.3943865299224854,-2.6500186920166016
informationbaz_random_4,informationbaz,random,4,359349,68647,attack,9,encoder_block_9,1.4923721551895142,-1.2750393152236938,-2.767411470413208
informationbaz_random_4,informationbaz,random,4,359349,68647,attack,10,encoder_block_10,1.592289686203003,-1.603423833847046,-3.195713520050049
informationbaz_random_4,informationbaz,random,4,359349,68647,attack,11,encoder_block_11,2.8187923431396484,-2.774445056915283,-5.593237400054932
informationbaz_random_4,informationbaz,random,4,359349,68647,attack,12,encoder_block_12,3.923129081726074,-7.0775861740112305,-11.000715255737305
informationbaz_random_4,informationbaz,random,4,405717,2365660,original,0,embedding,0.9208202362060547,-5.292558670043945,-6.21337890625
informationbaz_random_4,informationbaz,random,4,405717,2365660,original,1,encoder_block_1,0.866145133972168,-6.140433311462402,-7.00657844543457
informationbaz_random_4,informationbaz,random,4,405717,2365660,original,2,encoder_block_2,0.8222236633300781,-5.568535804748535,-6.390759468078613
informationbaz_random_4,informationbaz,random,4,405717,2365660,original,3,encoder_block_3,0.6500978469848633,-5.018033027648926,-5.668130874633789
informationbaz_random_4,informationbaz,random,4,405717,2365660,original,4,encoder_block_4,0.9415326118469238,-5.027257442474365,-5.968790054321289
informationbaz_random_4,informationbaz,random,4,405717,2365660,original,5,encoder_block_5,1.0206832885742188,-5.404394149780273,-6.425077438354492
informationbaz_random_4,informationbaz,random,4,405717,2365660,original,6,encoder_block_6,1.075819969177246,-5.008672714233398,-6.0844926834106445
informationbaz_random_4,informationbaz,random,4,405717,2365660,original,7,encoder_block_7,1.0861716270446777,-5.272466659545898,-6.358638286590576
informationbaz_random_4,informationbaz,random,4,405717,2365660,original,8,encoder_block_8,1.0177483558654785,-4.806330680847168,-5.8240790367126465
informationbaz_random_4,informationbaz,random,4,405717,2365660,original,9,encoder_block_9,1.3243112564086914,-4.52968692779541,-5.853998184204102
informationbaz_random_4,informationbaz,random,4,405717,2365660,original,10,encoder_block_10,1.381485939025879,-4.36704158782959,-5.748527526855469
informationbaz_random_4,informationbaz,random,4,405717,2365660,original,11,encoder_block_11,1.6170711517333984,-3.9925241470336914,-5.60959529876709
informationbaz_random_4,informationbaz,random,4,405717,2365660,original,12,encoder_block_12,-0.937993049621582,-3.142345428466797,-2.204352378845215
informationbaz_random_4,informationbaz,random,4,405717,2365660,padded_control,0,embedding,0.9208221435546875,-5.292557716369629,-6.213379859924316
informationbaz_random_4,informationbaz,random,4,405717,2365660,padded_control,1,encoder_block_1,0.8631954193115234,-6.151040077209473,-7.014235496520996
informationbaz_random_4,informationbaz,random,4,405717,2365660,padded_control,2,encoder_block_2,0.8217263221740723,-5.577569007873535,-6.399295330047607
informationbaz_random_4,informationbaz,random,4,405717,2365660,padded_control,3,encoder_block_3,0.655524730682373,-5.032612323760986,-5.688137054443359
informationbaz_random_4,informationbaz,random,4,405717,2365660,padded_control,4,encoder_block_4,0.9401650428771973,-5.042860507965088,-5.983025550842285
informationbaz_random_4,informationbaz,random,4,405717,2365660,padded_control,5,encoder_block_5,1.0170698165893555,-5.436349868774414,-6.4534196853637695
informationbaz_random_4,informationbaz,random,4,405717,2365660,padded_control,6,encoder_block_6,1.0680689811706543,-5.033207893371582,-6.101276874542236
informationbaz_random_4,informationbaz,random,4,405717,2365660,padded_control,7,encoder_block_7,1.075662612915039,-5.293496131896973,-6.369158744812012
informationbaz_random_4,informationbaz,random,4,405717,2365660,padded_control,8,encoder_block_8,0.9965944290161133,-4.817853927612305,-5.814448356628418
informationbaz_random_4,informationbaz,random,4,405717,2365660,padded_control,9,encoder_block_9,1.294987678527832,-4.529923439025879,-5.824911117553711
informationbaz_random_4,informationbaz,random,4,405717,2365660,padded_control,10,encoder_block_10,1.3530406951904297,-4.359519004821777,-5.712559700012207
informationbaz_random_4,informationbaz,random,4,405717,2365660,padded_control,11,encoder_block_11,1.5542068481445312,-3.8846988677978516,-5.438905715942383
informationbaz_random_4,informationbaz,random,4,405717,2365660,padded_control,12,encoder_block_12,-0.8150370121002197,-2.944364309310913,-2.1293272972106934
informationbaz_random_4,informationbaz,random,4,405717,2365660,attack,0,embedding,0.7298269271850586,-5.210894584655762,-5.94072151184082
informationbaz_random_4,informationbaz,random,4,405717,2365660,attack,1,encoder_block_1,0.7452974319458008,-5.62917423248291,-6.374471664428711
informationbaz_random_4,informationbaz,random,4,405717,2365660,attack,2,encoder_block_2,0.6424684524536133,-5.068639755249023,-5.711108207702637
informationbaz_random_4,informationbaz,random,4,405717,2365660,attack,3,encoder_block_3,0.570925235748291,-4.542065620422363,-5.112990856170654
informationbaz_random_4,informationbaz,random,4,405717,2365660,attack,4,encoder_block_4,0.7548155784606934,-4.4419779777526855,-5.196793556213379
informationbaz_random_4,informationbaz,random,4,405717,2365660,attack,5,encoder_block_5,0.8759841918945312,-4.880374908447266,-5.756359100341797
informationbaz_random_4,informationbaz,random,4,405717,2365660,attack,6,encoder_block_6,0.8935399055480957,-4.410069465637207,-5.303609371185303
informationbaz_random_4,informationbaz,random,4,405717,2365660,attack,7,encoder_block_7,0.9093947410583496,-4.642304420471191,-5.551699161529541
informationbaz_random_4,informationbaz,random,4,405717,2365660,attack,8,encoder_block_8,0.9080767631530762,-4.29541540145874,-5.203492164611816
informationbaz_random_4,informationbaz,random,4,405717,2365660,attack,9,encoder_block_9,1.262622356414795,-4.053699016571045,-5.31632137298584
informationbaz_random_4,informationbaz,random,4,405717,2365660,attack,10,encoder_block_10,1.428628921508789,-4.004186630249023,-5.4328155517578125
informationbaz_random_4,informationbaz,random,4,405717,2365660,attack,11,encoder_block_11,1.8443965911865234,-3.397674560546875,-5.242071151733398
informationbaz_random_4,informationbaz,random,4,405717,2365660,attack,12,encoder_block_12,-0.1515042781829834,-2.2953603267669678,-2.1438560485839844
informationbaz_random_4,informationbaz,random,4,443396,456708,original,0,embedding,0.7042102813720703,-3.8541150093078613,-4.558325290679932
informationbaz_random_4,informationbaz,random,4,443396,456708,original,1,encoder_block_1,0.6267457008361816,-4.328270435333252,-4.955016136169434
informationbaz_random_4,informationbaz,random,4,443396,456708,original,2,encoder_block_2,0.7885532379150391,-4.081797122955322,-4.870350360870361
informationbaz_random_4,informationbaz,random,4,443396,456708,original,3,encoder_block_3,0.6316730976104736,-3.689293622970581,-4.320966720581055
informationbaz_random_4,informationbaz,random,4,443396,456708,original,4,encoder_block_4,0.686356782913208,-3.1688404083251953,-3.8551971912384033
informationbaz_random_4,informationbaz,random,4,443396,456708,original,5,encoder_block_5,0.811579704284668,-3.1127359867095947,-3.9243156909942627
informationbaz_random_4,informationbaz,random,4,443396,456708,original,6,encoder_block_6,0.718111515045166,-2.934504508972168,-3.652616024017334
informationbaz_random_4,informationbaz,random,4,443396,456708,original,7,encoder_block_7,0.8035445213317871,-2.7905149459838867,-3.594059467315674
informationbaz_random_4,informationbaz,random,4,443396,456708,original,8,encoder_block_8,0.6526546478271484,-2.8571977615356445,-3.509852409362793
informationbaz_random_4,informationbaz,random,4,443396,456708,original,9,encoder_block_9,0.8443279266357422,-2.218539237976074,-3.0628671646118164
informationbaz_random_4,informationbaz,random,4,443396,456708,original,10,encoder_block_10,0.6096851825714111,-2.3285672664642334,-2.9382524490356445
informationbaz_random_4,informationbaz,random,4,443396,456708,original,11,encoder_block_11,0.889589786529541,-1.6669554710388184,-2.5565452575683594
informationbaz_random_4,informationbaz,random,4,443396,456708,original,12,encoder_block_12,-0.38332003355026245,-0.4878714382648468,-0.10455140471458435
informationbaz_random_4,informationbaz,random,4,443396,456708,padded_control,0,embedding,0.7042107582092285,-3.8541154861450195,-4.558326244354248
informationbaz_random_4,informationbaz,random,4,443396,456708,padded_control,1,encoder_block_1,0.6413764953613281,-4.334582328796387,-4.975958824157715
informationbaz_random_4,informationbaz,random,4,443396,456708,padded_control,2,encoder_block_2,0.8128719329833984,-4.112236976623535,-4.925108909606934
informationbaz_random_4,informationbaz,random,4,443396,456708,padded_control,3,encoder_block_3,0.6339473724365234,-3.680469512939453,-4.314416885375977
informationbaz_random_4,informationbaz,random,4,443396,456708,padded_control,4,encoder_block_4,0.6800575256347656,-3.168224334716797,-3.8482818603515625
informationbaz_random_4,informationbaz,random,4,443396,456708,padded_control,5,encoder_block_5,0.8001179695129395,-3.121063232421875,-3.9211812019348145
informationbaz_random_4,informationbaz,random,4,443396,456708,padded_control,6,encoder_block_6,0.6887242794036865,-2.9192097187042236,-3.60793399810791
informationbaz_random_4,informationbaz,random,4,443396,456708,padded_control,7,encoder_block_7,0.7746071815490723,-2.74491548538208,-3.5195226669311523
informationbaz_random_4,informationbaz,random,4,443396,456708,padded_control,8,encoder_block_8,0.6316437721252441,-2.8276095390319824,-3.4592533111572266
informationbaz_random_4,informationbaz,random,4,443396,456708,padded_control,9,encoder_block_9,0.8516230583190918,-2.1931161880493164,-3.044739246368408
informationbaz_random_4,informationbaz,random,4,443396,456708,padded_control,10,encoder_block_10,0.6274094581604004,-2.3164563179016113,-2.9438657760620117
informationbaz_random_4,informationbaz,random,4,443396,456708,padded_control,11,encoder_block_11,0.945868968963623,-1.679673671722412,-2.625542640686035
informationbaz_random_4,informationbaz,random,4,443396,456708,padded_control,12,encoder_block_12,-0.1621481478214264,-0.2304847240447998,-0.06833657622337341
informationbaz_random_4,informationbaz,random,4,443396,456708,attack,0,embedding,0.5135383605957031,-3.823434829711914,-4.336973190307617
informationbaz_random_4,informationbaz,random,4,443396,456708,attack,1,encoder_block_1,0.5844011306762695,-4.53493595123291,-5.11933708190918
informationbaz_random_4,informationbaz,random,4,443396,456708,attack,2,encoder_block_2,0.696138858795166,-3.7701802253723145,-4.4663190841674805
informationbaz_random_4,informationbaz,random,4,443396,456708,attack,3,encoder_block_3,0.5791106224060059,-3.246490955352783,-3.825601577758789
informationbaz_random_4,informationbaz,random,4,443396,456708,attack,4,encoder_block_4,0.6316967010498047,-2.484713077545166,-3.1164097785949707
informationbaz_random_4,informationbaz,random,4,443396,456708,attack,5,encoder_block_5,0.7910845279693604,-2.506476879119873,-3.2975614070892334
informationbaz_random_4,informationbaz,random,4,443396,456708,attack,6,encoder_block_6,0.7675540447235107,-2.1648600101470947,-2.9324140548706055
informationbaz_random_4,informationbaz,random,4,443396,456708,attack,7,encoder_block_7,0.8250102996826172,-2.154356002807617,-2.9793663024902344
informationbaz_random_4,informationbaz,random,4,443396,456708,attack,8,encoder_block_8,0.8223919868469238,-2.1187570095062256,-2.9411489963531494
informationbaz_random_4,informationbaz,random,4,443396,456708,attack,9,encoder_block_9,1.0661675930023193,-1.8310325145721436,-2.897200107574463
informationbaz_random_4,informationbaz,random,4,443396,456708,attack,10,encoder_block_10,0.9321448802947998,-2.021474599838257,-2.9536194801330566
informationbaz_random_4,informationbaz,random,4,443396,456708,attack,11,encoder_block_11,1.0349441766738892,-1.4814783334732056,-2.5164225101470947
informationbaz_random_4,informationbaz,random,4,443396,456708,attack,12,encoder_block_12,-2.233845591545105,-3.569960117340088,-1.336114525794983
informationbaz_random_4,informationbaz,random,4,451602,2176453,original,0,embedding,0.3933138847351074,-3.0026051998138428,-3.39591908454895
informationbaz_random_4,informationbaz,random,4,451602,2176453,original,1,encoder_block_1,0.16827774047851562,-2.558875322341919,-2.7271530628204346
informationbaz_random_4,informationbaz,random,4,451602,2176453,original,2,encoder_block_2,0.22904682159423828,-2.6569433212280273,-2.8859901428222656
informationbaz_random_4,informationbaz,random,4,451602,2176453,original,3,encoder_block_3,0.1776103973388672,-2.5778298377990723,-2.7554402351379395
informationbaz_random_4,informationbaz,random,4,451602,2176453,original,4,encoder_block_4,0.05053520202636719,-1.9763360023498535,-2.0268712043762207
informationbaz_random_4,informationbaz,random,4,451602,2176453,original,5,encoder_block_5,0.08064723014831543,-1.6621623039245605,-1.742809534072876
informationbaz_random_4,informationbaz,random,4,451602,2176453,original,6,encoder_block_6,0.13440299034118652,-1.5091688632965088,-1.6435718536376953
informationbaz_random_4,informationbaz,random,4,451602,2176453,original,7,encoder_block_7,-0.05229640007019043,-1.6738194227218628,-1.6215230226516724
informationbaz_random_4,informationbaz,random,4,451602,2176453,original,8,encoder_block_8,0.03800535202026367,-1.4589041471481323,-1.496909499168396
informationbaz_random_4,informationbaz,random,4,451602,2176453,original,9,encoder_block_9,0.1594388484954834,-1.1629400253295898,-1.3223788738250732
informationbaz_random_4,informationbaz,random,4,451602,2176453,original,10,encoder_block_10,0.01501011848449707,-1.3925204277038574,-1.4075305461883545
informationbaz_random_4,informationbaz,random,4,451602,2176453,original,11,encoder_block_11,0.7900853157043457,-0.8394424915313721,-1.6295278072357178
informationbaz_random_4,informationbaz,random,4,451602,2176453,original,12,encoder_block_12,0.6750409603118896,-1.3022613525390625,-1.9773023128509521
informationbaz_random_4,informationbaz,random,4,451602,2176453,padded_control,0,embedding,0.3933141231536865,-3.0026051998138428,-3.3959193229675293
informationbaz_random_4,informationbaz,random,4,451602,2176453,padded_control,1,encoder_block_1,0.1787576675415039,-2.570058822631836,-2.74881649017334
informationbaz_random_4,informationbaz,random,4,451602,2176453,padded_control,2,encoder_block_2,0.21321606636047363,-2.683293342590332,-2.8965094089508057
informationbaz_random_4,informationbaz,random,4,451602,2176453,padded_control,3,encoder_block_3,0.14638471603393555,-2.640810251235962,-2.7871949672698975
informationbaz_random_4,informationbaz,random,4,451602,2176453,padded_control,4,encoder_block_4,0.01602625846862793,-2.000613212585449,-2.016639471054077
informationbaz_random_4,informationbaz,random,4,451602,2176453,padded_control,5,encoder_block_5,0.05875062942504883,-1.6611552238464355,-1.7199058532714844
informationbaz_random_4,informationbaz,random,4,451602,2176453,padded_control,6,encoder_block_6,0.11891114711761475,-1.490515112876892,-1.6094262599945068
informationbaz_random_4,informationbaz,random,4,451602,2176453,padded_control,7,encoder_block_7,-0.0730745792388916,-1.663273572921753,-1.5901989936828613
informationbaz_random_4,informationbaz,random,4,451602,2176453,padded_control,8,encoder_block_8,0.030102849006652832,-1.4466387033462524,-1.4767415523529053
informationbaz_random_4,informationbaz,random,4,451602,2176453,padded_control,9,encoder_block_9,0.17135930061340332,-1.1497914791107178,-1.321150779724121
informationbaz_random_4,informationbaz,random,4,451602,2176453,padded_control,10,encoder_block_10,0.0344235897064209,-1.3754003047943115,-1.4098238945007324
informationbaz_random_4,informationbaz,random,4,451602,2176453,padded_control,11,encoder_block_11,0.7849271297454834,-0.787251353263855,-1.5721784830093384
informationbaz_random_4,informationbaz,random,4,451602,2176453,padded_control,12,encoder_block_12,0.6355193853378296,-1.1215269565582275,-1.7570463418960571
informationbaz_random_4,informationbaz,random,4,451602,2176453,attack,0,embedding,0.2380356788635254,-3.3539466857910156,-3.591982364654541
informationbaz_random_4,informationbaz,random,4,451602,2176453,attack,1,encoder_block_1,0.08172869682312012,-3.1259050369262695,-3.2076337337493896
informationbaz_random_4,informationbaz,random,4,451602,2176453,attack,2,encoder_block_2,0.07236742973327637,-2.734419822692871,-2.8067872524261475
informationbaz_random_4,informationbaz,random,4,451602,2176453,attack,3,encoder_block_3,0.08675336837768555,-2.4589102268218994,-2.545663595199585
informationbaz_random_4,informationbaz,random,4,451602,2176453,attack,4,encoder_block_4,0.07259190082550049,-1.614993929862976,-1.6875858306884766
informationbaz_random_4,informationbaz,random,4,451602,2176453,attack,5,encoder_block_5,0.2169649600982666,-1.5937213897705078,-1.8106863498687744
informationbaz_random_4,informationbaz,random,4,451602,2176453,attack,6,encoder_block_6,0.2345055341720581,-1.4830044507980347,-1.7175099849700928
informationbaz_random_4,informationbaz,random,4,451602,2176453,attack,7,encoder_block_7,0.07673847675323486,-1.6142765283584595,-1.6910150051116943
informationbaz_random_4,informationbaz,random,4,451602,2176453,attack,8,encoder_block_8,0.2521411180496216,-1.3358005285263062,-1.5879416465759277
informationbaz_random_4,informationbaz,random,4,451602,2176453,attack,9,encoder_block_9,0.26689159870147705,-1.0712283849716187,-1.3381199836730957
informationbaz_random_4,informationbaz,random,4,451602,2176453,attack,10,encoder_block_10,0.1508326530456543,-1.379494071006775,-1.5303267240524292
informationbaz_random_4,informationbaz,random,4,451602,2176453,attack,11,encoder_block_11,0.47982192039489746,-0.798941969871521,-1.2787638902664185
informationbaz_random_4,informationbaz,random,4,451602,2176453,attack,12,encoder_block_12,-0.710742712020874,-2.336688756942749,-1.625946044921875
informationbaz_random_4,informationbaz,random,4,47923,5032362,original,0,embedding,0.5419049263000488,-2.7997732162475586,-3.3416781425476074
informationbaz_random_4,informationbaz,random,4,47923,5032362,original,1,encoder_block_1,0.2018756866455078,-2.634492874145508,-2.8363685607910156
informationbaz_random_4,informationbaz,random,4,47923,5032362,original,2,encoder_block_2,0.20328187942504883,-2.4826297760009766,-2.6859116554260254
informationbaz_random_4,informationbaz,random,4,47923,5032362,original,3,encoder_block_3,0.1220095157623291,-2.1961007118225098,-2.318110227584839
informationbaz_random_4,informationbaz,random,4,47923,5032362,original,4,encoder_block_4,0.16187989711761475,-1.8182114362716675,-1.9800913333892822
informationbaz_random_4,informationbaz,random,4,47923,5032362,original,5,encoder_block_5,0.12850558757781982,-1.6116617918014526,-1.7401673793792725
informationbaz_random_4,informationbaz,random,4,47923,5032362,original,6,encoder_block_6,-0.020195841789245605,-1.6186586618423462,-1.5984628200531006
informationbaz_random_4,informationbaz,random,4,47923,5032362,original,7,encoder_block_7,-0.10663890838623047,-1.5640232563018799,-1.4573843479156494
informationbaz_random_4,informationbaz,random,4,47923,5032362,original,8,encoder_block_8,0.009311199188232422,-2.1819915771484375,-2.19130277633667
informationbaz_random_4,informationbaz,random,4,47923,5032362,original,9,encoder_block_9,0.3868119716644287,-1.6092729568481445,-1.9960849285125732
informationbaz_random_4,informationbaz,random,4,47923,5032362,original,10,encoder_block_10,0.47895348072052,-1.997944951057434,-2.476898431777954
informationbaz_random_4,informationbaz,random,4,47923,5032362,original,11,encoder_block_11,1.6945843696594238,-2.6886916160583496,-4.383275985717773
informationbaz_random_4,informationbaz,random,4,47923,5032362,original,12,encoder_block_12,2.916050910949707,-2.59047794342041,-5.506528854370117
informationbaz_random_4,informationbaz,random,4,47923,5032362,padded_control,0,embedding,0.5419049263000488,-2.7997732162475586,-3.3416781425476074
informationbaz_random_4,informationbaz,random,4,47923,5032362,padded_control,1,encoder_block_1,0.20336484909057617,-2.6193957328796387,-2.822760581970215
informationbaz_random_4,informationbaz,random,4,47923,5032362,padded_control,2,encoder_block_2,0.19584941864013672,-2.4936139583587646,-2.6894633769989014
informationbaz_random_4,informationbaz,random,4,47923,5032362,padded_control,3,encoder_block_3,0.1132345199584961,-2.2195205688476562,-2.3327550888061523
informationbaz_random_4,informationbaz,random,4,47923,5032362,padded_control,4,encoder_block_4,0.15874505043029785,-1.8373433351516724,-1.9960883855819702
informationbaz_random_4,informationbaz,random,4,47923,5032362,padded_control,5,encoder_block_5,0.13160359859466553,-1.6183933019638062,-1.7499969005584717
informationbaz_random_4,informationbaz,random,4,47923,5032362,padded_control,6,encoder_block_6,-0.03268706798553467,-1.6224130392074585,-1.5897259712219238
informationbaz_random_4,informationbaz,random,4,47923,5032362,padded_control,7,encoder_block_7,-0.13008952140808105,-1.5433540344238281,-1.413264513015747
informationbaz_random_4,informationbaz,random,4,47923,5032362,padded_control,8,encoder_block_8,-0.006944894790649414,-2.198143243789673,-2.1911983489990234
informationbaz_random_4,informationbaz,random,4,47923,5032362,padded_control,9,encoder_block_9,0.3496856689453125,-1.5977177619934082,-1.9474034309387207
informationbaz_random_4,informationbaz,random,4,47923,5032362,padded_control,10,encoder_block_10,0.44879603385925293,-1.985823631286621,-2.434619665145874
informationbaz_random_4,informationbaz,random,4,47923,5032362,padded_control,11,encoder_block_11,1.6926987171173096,-2.717783212661743,-4.410481929779053
informationbaz_random_4,informationbaz,random,4,47923,5032362,padded_control,12,encoder_block_12,3.0899763107299805,-3.2588300704956055,-6.348806381225586
informationbaz_random_4,informationbaz,random,4,47923,5032362,attack,0,embedding,0.37718725204467773,-3.1084585189819336,-3.4856457710266113
informationbaz_random_4,informationbaz,random,4,47923,5032362,attack,1,encoder_block_1,0.03200531005859375,-3.1672091484069824,-3.199214458465576
informationbaz_random_4,informationbaz,random,4,47923,5032362,attack,2,encoder_block_2,0.029733657836914062,-2.534832000732422,-2.564565658569336
informationbaz_random_4,informationbaz,random,4,47923,5032362,attack,3,encoder_block_3,-0.03196215629577637,-2.1239380836486816,-2.0919759273529053
informationbaz_random_4,informationbaz,random,4,47923,5032362,attack,4,encoder_block_4,0.09583067893981934,-1.4317020177841187,-1.527532696723938
informationbaz_random_4,informationbaz,random,4,47923,5032362,attack,5,encoder_block_5,0.11285769939422607,-1.2597306966781616,-1.3725883960723877
informationbaz_random_4,informationbaz,random,4,47923,5032362,attack,6,encoder_block_6,0.05500292778015137,-1.1881749629974365,-1.243177890777588
informationbaz_random_4,informationbaz,random,4,47923,5032362,attack,7,encoder_block_7,-0.08381497859954834,-1.1363744735717773,-1.052559494972229
informationbaz_random_4,informationbaz,random,4,47923,5032362,attack,8,encoder_block_8,0.10764038562774658,-1.708741307258606,-1.8163816928863525
informationbaz_random_4,informationbaz,random,4,47923,5032362,attack,9,encoder_block_9,0.4947490692138672,-1.3142595291137695,-1.8090085983276367
informationbaz_random_4,informationbaz,random,4,47923,5032362,attack,10,encoder_block_10,0.6641157865524292,-1.7521268129348755,-2.4162425994873047
informationbaz_random_4,informationbaz,random,4,47923,5032362,attack,11,encoder_block_11,1.84944486618042,-2.5968966484069824,-4.446341514587402
informationbaz_random_4,informationbaz,random,4,47923,5032362,attack,12,encoder_block_12,3.315107822418213,-3.801884174346924,-7.116991996765137
informationbaz_random_4,informationbaz,random,4,489204,1479542,original,0,embedding,0.9842653274536133,-3.3912386894226074,-4.375504016876221
informationbaz_random_4,informationbaz,random,4,489204,1479542,original,1,encoder_block_1,0.5856249332427979,-3.5973222255706787,-4.182947158813477
informationbaz_random_4,informationbaz,random,4,489204,1479542,original,2,encoder_block_2,0.6975641250610352,-3.34566593170166,-4.043230056762695
informationbaz_random_4,informationbaz,random,4,489204,1479542,original,3,encoder_block_3,0.7435932159423828,-3.373110294342041,-4.116703510284424
informationbaz_random_4,informationbaz,random,4,489204,1479542,original,4,encoder_block_4,0.7964556217193604,-3.1007697582244873,-3.8972253799438477
informationbaz_random_4,informationbaz,random,4,489204,1479542,original,5,encoder_block_5,0.8611578941345215,-2.8616385459899902,-3.7227964401245117
informationbaz_random_4,informationbaz,random,4,489204,1479542,original,6,encoder_block_6,0.7161498069763184,-2.719170570373535,-3.4353203773498535
informationbaz_random_4,informationbaz,random,4,489204,1479542,original,7,encoder_block_7,0.5867900848388672,-2.6523337364196777,-3.239123821258545
informationbaz_random_4,informationbaz,random,4,489204,1479542,original,8,encoder_block_8,0.5838112831115723,-2.9042587280273438,-3.488070011138916
informationbaz_random_4,informationbaz,random,4,489204,1479542,original,9,encoder_block_9,0.6858546733856201,-2.9344847202301025,-3.6203393936157227
informationbaz_random_4,informationbaz,random,4,489204,1479542,original,10,encoder_block_10,0.3786165714263916,-3.2125039100646973,-3.591120481491089
informationbaz_random_4,informationbaz,random,4,489204,1479542,original,11,encoder_block_11,0.8341217041015625,-1.8675060272216797,-2.701627731323242
informationbaz_random_4,informationbaz,random,4,489204,1479542,original,12,encoder_block_12,-0.6475513577461243,-0.8815561532974243,-0.23400479555130005
informationbaz_random_4,informationbaz,random,4,489204,1479542,padded_control,0,embedding,0.9842658042907715,-3.3912386894226074,-4.375504493713379
informationbaz_random_4,informationbaz,random,4,489204,1479542,padded_control,1,encoder_block_1,0.5803723335266113,-3.5866565704345703,-4.167028903961182
informationbaz_random_4,informationbaz,random,4,489204,1479542,padded_control,2,encoder_block_2,0.694582462310791,-3.33701753616333,-4.031599998474121
informationbaz_random_4,informationbaz,random,4,489204,1479542,padded_control,3,encoder_block_3,0.7331376075744629,-3.3692126274108887,-4.102350234985352
informationbaz_random_4,informationbaz,random,4,489204,1479542,padded_control,4,encoder_block_4,0.7692115306854248,-3.0992188453674316,-3.8684303760528564
informationbaz_random_4,informationbaz,random,4,489204,1479542,padded_control,5,encoder_block_5,0.8367180824279785,-2.8612475395202637,-3.697965621948242
informationbaz_random_4,informationbaz,random,4,489204,1479542,padded_control,6,encoder_block_6,0.7040455341339111,-2.742722988128662,-3.4467685222625732
informationbaz_random_4,informationbaz,random,4,489204,1479542,padded_control,7,encoder_block_7,0.5729625225067139,-2.660404920578003,-3.233367443084717
informationbaz_random_4,informationbaz,random,4,489204,1479542,padded_control,8,encoder_block_8,0.5815796852111816,-2.931490421295166,-3.5130701065063477
informationbaz_random_4,informationbaz,random,4,489204,1479542,padded_control,9,encoder_block_9,0.704474925994873,-2.9601998329162598,-3.664674758911133
informationbaz_random_4,informationbaz,random,4,489204,1479542,padded_control,10,encoder_block_10,0.41086888313293457,-3.224231243133545,-3.6351001262664795
informationbaz_random_4,informationbaz,random,4,489204,1479542,padded_control,11,encoder_block_11,0.8506878614425659,-1.8101590871810913,-2.6608469486236572
informationbaz_random_4,informationbaz,random,4,489204,1479542,padded_control,12,encoder_block_12,-1.0400573313236237,-1.3999451398849487,-0.3598878085613251
informationbaz_random_4,informationbaz,random,4,489204,1479542,attack,0,embedding,0.6068887710571289,-3.464021682739258,-4.070910453796387
informationbaz_random_4,informationbaz,random,4,489204,1479542,attack,1,encoder_block_1,0.18811607360839844,-3.7895708084106445,-3.977686882019043
informationbaz_random_4,informationbaz,random,4,489204,1479542,attack,2,encoder_block_2,0.24828529357910156,-3.171787738800049,-3.4200730323791504
informationbaz_random_4,informationbaz,random,4,489204,1479542,attack,3,encoder_block_3,0.3580749034881592,-3.0701186656951904,-3.4281935691833496
informationbaz_random_4,informationbaz,random,4,489204,1479542,attack,4,encoder_block_4,0.4223945140838623,-2.5492191314697266,-2.971613645553589
informationbaz_random_4,informationbaz,random,4,489204,1479542,attack,5,encoder_block_5,0.6557145118713379,-2.2828519344329834,-2.9385664463043213
informationbaz_random_4,informationbaz,random,4,489204,1479542,attack,6,encoder_block_6,0.5914220809936523,-2.049710273742676,-2.641132354736328
informationbaz_random_4,informationbaz,random,4,489204,1479542,attack,7,encoder_block_7,0.41977012157440186,-1.908319354057312,-2.328089475631714
informationbaz_random_4,informationbaz,random,4,489204,1479542,attack,8,encoder_block_8,0.5142972469329834,-2.061810255050659,-2.5761075019836426
informationbaz_random_4,informationbaz,random,4,489204,1479542,attack,9,encoder_block_9,0.6924493312835693,-2.3709962368011475,-3.063445568084717
informationbaz_random_4,informationbaz,random,4,489204,1479542,attack,10,encoder_block_10,0.45535802841186523,-2.631866455078125,-3.0872244834899902
informationbaz_random_4,informationbaz,random,4,489204,1479542,attack,11,encoder_block_11,0.9798266887664795,-1.6782891750335693,-2.658115863800049
informationbaz_random_4,informationbaz,random,4,489204,1479542,attack,12,encoder_block_12,-0.49213624000549316,-0.5719789266586304,-0.07984268665313721
informationbaz_random_4,informationbaz,random,4,490595,1929910,original,0,embedding,0.07539796829223633,-4.010467052459717,-4.085865020751953
informationbaz_random_4,informationbaz,random,4,490595,1929910,original,1,encoder_block_1,0.4816889762878418,-3.3958816528320312,-3.877570629119873
informationbaz_random_4,informationbaz,random,4,490595,1929910,original,2,encoder_block_2,0.4709804058074951,-3.495872735977173,-3.966853141784668
informationbaz_random_4,informationbaz,random,4,490595,1929910,original,3,encoder_block_3,0.42571544647216797,-3.0603785514831543,-3.4860939979553223
informationbaz_random_4,informationbaz,random,4,490595,1929910,original,4,encoder_block_4,0.5509023666381836,-2.7560274600982666,-3.30692982673645
informationbaz_random_4,informationbaz,random,4,490595,1929910,original,5,encoder_block_5,0.6441328525543213,-2.5110669136047363,-3.1551997661590576
informationbaz_random_4,informationbaz,random,4,490595,1929910,original,6,encoder_block_6,0.6735286712646484,-2.3455376625061035,-3.019066333770752
informationbaz_random_4,informationbaz,random,4,490595,1929910,original,7,encoder_block_7,0.878772497177124,-2.3982057571411133,-3.2769782543182373
informationbaz_random_4,informationbaz,random,4,490595,1929910,original,8,encoder_block_8,0.9514656066894531,-2.5358452796936035,-3.4873108863830566
informationbaz_random_4,informationbaz,random,4,490595,1929910,original,9,encoder_block_9,1.1009910106658936,-2.084329128265381,-3.1853201389312744
informationbaz_random_4,informationbaz,random,4,490595,1929910,original,10,encoder_block_10,1.4423472881317139,-2.11055850982666,-3.552905797958374
informationbaz_random_4,informationbaz,random,4,490595,1929910,original,11,encoder_block_11,2.5169999599456787,-2.818817377090454,-5.335817337036133
informationbaz_random_4,informationbaz,random,4,490595,1929910,original,12,encoder_block_12,3.6747655868530273,-4.319004058837891,-7.993769645690918
informationbaz_random_4,informationbaz,random,4,490595,1929910,padded_control,0,embedding,0.07539796829223633,-4.0104660987854,-4.085864067077637
informationbaz_random_4,informationbaz,random,4,490595,1929910,padded_control,1,encoder_block_1,0.48279571533203125,-3.4023079872131348,-3.885103702545166
informationbaz_random_4,informationbaz,random,4,490595,1929910,padded_control,2,encoder_block_2,0.48098158836364746,-3.511305093765259,-3.9922866821289062
informationbaz_random_4,informationbaz,random,4,490595,1929910,padded_control,3,encoder_block_3,0.4321010112762451,-3.0620851516723633,-3.4941861629486084
informationbaz_random_4,informationbaz,random,4,490595,1929910,padded_control,4,encoder_block_4,0.5569441318511963,-2.7442824840545654,-3.3012266159057617
informationbaz_random_4,informationbaz,random,4,490595,1929910,padded_control,5,encoder_block_5,0.6459531784057617,-2.512794017791748,-3.1587471961975098
informationbaz_random_4,informationbaz,random,4,490595,1929910,padded_control,6,encoder_block_6,0.65952467918396,-2.3726227283477783,-3.0321474075317383
informationbaz_random_4,informationbaz,random,4,490595,1929910,padded_control,7,encoder_block_7,0.8498620986938477,-2.4197537899017334,-3.269615888595581
informationbaz_random_4,informationbaz,random,4,490595,1929910,padded_control,8,encoder_block_8,0.9245295524597168,-2.559640407562256,-3.4841699600219727
informationbaz_random_4,informationbaz,random,4,490595,1929910,padded_control,9,encoder_block_9,1.0830607414245605,-2.1049351692199707,-3.1879959106445312
informationbaz_random_4,informationbaz,random,4,490595,1929910,padded_control,10,encoder_block_10,1.4071409702301025,-2.1554198265075684,-3.562560796737671
informationbaz_random_4,informationbaz,random,4,490595,1929910,padded_control,11,encoder_block_11,2.469768524169922,-2.848629951477051,-5.318398475646973
informationbaz_random_4,informationbaz,random,4,490595,1929910,padded_control,12,encoder_block_12,3.5494041442871094,-3.784421920776367,-7.333826065063477
informationbaz_random_4,informationbaz,random,4,490595,1929910,attack,0,embedding,-0.0646066665649414,-4.2158708572387695,-4.151264190673828
informationbaz_random_4,informationbaz,random,4,490595,1929910,attack,1,encoder_block_1,0.4418652057647705,-3.8910324573516846,-4.332897663116455
informationbaz_random_4,informationbaz,random,4,490595,1929910,attack,2,encoder_block_2,0.39041948318481445,-3.6445460319519043,-4.034965515136719
informationbaz_random_4,informationbaz,random,4,490595,1929910,attack,3,encoder_block_3,0.4192509651184082,-3.0531864166259766,-3.4724373817443848
informationbaz_random_4,informationbaz,random,4,490595,1929910,attack,4,encoder_block_4,0.5201699733734131,-2.5313260555267334,-3.0514960289001465
informationbaz_random_4,informationbaz,random,4,490595,1929910,attack,5,encoder_block_5,0.6995100975036621,-2.3361053466796875,-3.0356154441833496
informationbaz_random_4,informationbaz,random,4,490595,1929910,attack,6,encoder_block_6,0.703193187713623,-2.1602821350097656,-2.8634753227233887
informationbaz_random_4,informationbaz,random,4,490595,1929910,attack,7,encoder_block_7,0.8852081298828125,-2.21990704536438,-3.1051151752471924
informationbaz_random_4,informationbaz,random,4,490595,1929910,attack,8,encoder_block_8,1.0243871212005615,-2.297569751739502,-3.3219568729400635
informationbaz_random_4,informationbaz,random,4,490595,1929910,attack,9,encoder_block_9,1.202054738998413,-2.0060341358184814,-3.2080888748168945
informationbaz_random_4,informationbaz,random,4,490595,1929910,attack,10,encoder_block_10,1.5643081665039062,-1.9574286937713623,-3.5217368602752686
informationbaz_random_4,informationbaz,random,4,490595,1929910,attack,11,encoder_block_11,2.5558290481567383,-2.2474241256713867,-4.803253173828125
informationbaz_random_4,informationbaz,random,4,490595,1929910,attack,12,encoder_block_12,3.223468542098999,-2.744142770767212,-5.967611312866211
informationbaz_random_4,informationbaz,random,4,527433,8617271,original,0,embedding,-0.27397823333740234,-4.783942222595215,-4.5099639892578125
informationbaz_random_4,informationbaz,random,4,527433,8617271,original,1,encoder_block_1,-0.7677736282348633,-5.527349948883057,-4.759576320648193
informationbaz_random_4,informationbaz,random,4,527433,8617271,original,2,encoder_block_2,-0.749413013458252,-5.19110631942749,-4.441693305969238
informationbaz_random_4,informationbaz,random,4,527433,8617271,original,3,encoder_block_3,-0.4561138153076172,-4.5658087730407715,-4.109694957733154
informationbaz_random_4,informationbaz,random,4,527433,8617271,original,4,encoder_block_4,-0.29035425186157227,-4.446412086486816,-4.156057834625244
informationbaz_random_4,informationbaz,random,4,527433,8617271,original,5,encoder_block_5,-0.31140899658203125,-4.219107151031494,-3.907698154449463
informationbaz_random_4,informationbaz,random,4,527433,8617271,original,6,encoder_block_6,-0.3677833080291748,-3.9594032764434814,-3.5916199684143066
informationbaz_random_4,informationbaz,random,4,527433,8617271,original,7,encoder_block_7,-0.17037081718444824,-3.6971216201782227,-3.5267508029937744
informationbaz_random_4,informationbaz,random,4,527433,8617271,original,8,encoder_block_8,-0.014144659042358398,-3.376551866531372,-3.3624072074890137
informationbaz_random_4,informationbaz,random,4,527433,8617271,original,9,encoder_block_9,0.379223108291626,-3.346606731414795,-3.725829839706421
informationbaz_random_4,informationbaz,random,4,527433,8617271,original,10,encoder_block_10,1.1977243423461914,-4.1446990966796875,-5.342423439025879
informationbaz_random_4,informationbaz,random,4,527433,8617271,original,11,encoder_block_11,3.5456981658935547,-7.704838752746582,-11.250536918640137
informationbaz_random_4,informationbaz,random,4,527433,8617271,original,12,encoder_block_12,6.805009841918945,-17.376567840576172,-24.181577682495117
informationbaz_random_4,informationbaz,random,4,527433,8617271,padded_control,0,embedding,-0.27397680282592773,-4.783942699432373,-4.509965896606445
informationbaz_random_4,informationbaz,random,4,527433,8617271,padded_control,1,encoder_block_1,-0.7743182182312012,-5.5415167808532715,-4.76719856262207
informationbaz_random_4,informationbaz,random,4,527433,8617271,padded_control,2,encoder_block_2,-0.7680015563964844,-5.241995811462402,-4.473994255065918
informationbaz_random_4,informationbaz,random,4,527433,8617271,padded_control,3,encoder_block_3,-0.45775651931762695,-4.630484580993652,-4.172728061676025
informationbaz_random_4,informationbaz,random,4,527433,8617271,padded_control,4,encoder_block_4,-0.3035111427307129,-4.546712398529053,-4.24320125579834
informationbaz_random_4,informationbaz,random,4,527433,8617271,padded_control,5,encoder_block_5,-0.3509557247161865,-4.321642875671387,-3.9706871509552
informationbaz_random_4,informationbaz,random,4,527433,8617271,padded_control,6,encoder_block_6,-0.40178966522216797,-4.035795211791992,-3.634005546569824
informationbaz_random_4,informationbaz,random,4,527433,8617271,padded_control,7,encoder_block_7,-0.20664453506469727,-3.8348426818847656,-3.6281981468200684
informationbaz_random_4,informationbaz,random,4,527433,8617271,padded_control,8,encoder_block_8,-0.07267999649047852,-3.533019781112671,-3.4603397846221924
informationbaz_random_4,informationbaz,random,4,527433,8617271,padded_control,9,encoder_block_9,0.33584141731262207,-3.540224075317383,-3.876065492630005
informationbaz_random_4,informationbaz,random,4,527433,8617271,padded_control,10,encoder_block_10,1.1546483039855957,-4.381690502166748,-5.536338806152344
informationbaz_random_4,informationbaz,random,4,527433,8617271,padded_control,11,encoder_block_11,3.568256378173828,-7.980934143066406,-11.549190521240234
informationbaz_random_4,informationbaz,random,4,527433,8617271,padded_control,12,encoder_block_12,6.823783874511719,-17.47747802734375,-24.30126190185547
informationbaz_random_4,informationbaz,random,4,527433,8617271,attack,0,embedding,-0.4580206871032715,-4.685179710388184,-4.227159023284912
informationbaz_random_4,informationbaz,random,4,527433,8617271,attack,1,encoder_block_1,-0.8774881362915039,-5.257429599761963,-4.379941463470459
informationbaz_random_4,informationbaz,random,4,527433,8617271,attack,2,encoder_block_2,-0.8756954669952393,-4.6263427734375,-3.7506473064422607
informationbaz_random_4,informationbaz,random,4,527433,8617271,attack,3,encoder_block_3,-0.5745136737823486,-4.049379348754883,-3.474865674972534
informationbaz_random_4,informationbaz,random,4,527433,8617271,attack,4,encoder_block_4,-0.4396243095397949,-3.595937490463257,-3.156313180923462
informationbaz_random_4,informationbaz,random,4,527433,8617271,attack,5,encoder_block_5,-0.5173349380493164,-3.514232635498047,-2.9968976974487305
informationbaz_random_4,informationbaz,random,4,527433,8617271,attack,6,encoder_block_6,-0.6582746505737305,-3.2565526962280273,-2.598278045654297
informationbaz_random_4,informationbaz,random,4,527433,8617271,attack,7,encoder_block_7,-0.5604369640350342,-3.257805347442627,-2.6973683834075928
informationbaz_random_4,informationbaz,random,4,527433,8617271,attack,8,encoder_block_8,-0.3098134994506836,-2.9895429611206055,-2.679729461669922
informationbaz_random_4,informationbaz,random,4,527433,8617271,attack,9,encoder_block_9,0.23396825790405273,-2.8515396118164062,-3.085507869720459
informationbaz_random_4,informationbaz,random,4,527433,8617271,attack,10,encoder_block_10,0.9721388816833496,-3.4051156044006348,-4.377254486083984
informationbaz_random_4,informationbaz,random,4,527433,8617271,attack,11,encoder_block_11,3.301426887512207,-6.643321990966797,-9.944748878479004
informationbaz_random_4,informationbaz,random,4,527433,8617271,attack,12,encoder_block_12,6.305885314941406,-15.730697631835938,-22.036582946777344
informationbaz_random_4,informationbaz,random,4,573724,2417985,original,0,embedding,0.10863304138183594,-4.601746559143066,-4.710379600524902
informationbaz_random_4,informationbaz,random,4,573724,2417985,original,1,encoder_block_1,0.5057401657104492,-4.450858116149902,-4.956598281860352
informationbaz_random_4,informationbaz,random,4,573724,2417985,original,2,encoder_block_2,0.8537561893463135,-3.8689234256744385,-4.722679615020752
informationbaz_random_4,informationbaz,random,4,573724,2417985,original,3,encoder_block_3,0.9013867378234863,-3.4428391456604004,-4.344225883483887
informationbaz_random_4,informationbaz,random,4,573724,2417985,original,4,encoder_block_4,0.7676498889923096,-3.084489107131958,-3.8521389961242676
informationbaz_random_4,informationbaz,random,4,573724,2417985,original,5,encoder_block_5,0.5416269302368164,-3.3838672637939453,-3.9254941940307617
informationbaz_random_4,informationbaz,random,4,573724,2417985,original,6,encoder_block_6,0.5052633285522461,-3.3678951263427734,-3.8731584548950195
informationbaz_random_4,informationbaz,random,4,573724,2417985,original,7,encoder_block_7,0.3428630828857422,-3.247429370880127,-3.590292453765869
informationbaz_random_4,informationbaz,random,4,573724,2417985,original,8,encoder_block_8,0.43824219703674316,-3.3260457515716553,-3.7642879486083984
informationbaz_random_4,informationbaz,random,4,573724,2417985,original,9,encoder_block_9,0.6834254264831543,-2.6453590393066406,-3.328784465789795
informationbaz_random_4,informationbaz,random,4,573724,2417985,original,10,encoder_block_10,0.35198235511779785,-2.418527364730835,-2.770509719848633
informationbaz_random_4,informationbaz,random,4,573724,2417985,original,11,encoder_block_11,1.10707426071167,-2.264965057373047,-3.372039318084717
informationbaz_random_4,informationbaz,random,4,573724,2417985,original,12,encoder_block_12,1.600117266178131,-0.30851346254348755,-1.9086307287216187
informationbaz_random_4,informationbaz,random,4,573724,2417985,padded_control,0,embedding,0.10863256454467773,-4.601747512817383,-4.7103800773620605
informationbaz_random_4,informationbaz,random,4,573724,2417985,padded_control,1,encoder_block_1,0.47835350036621094,-4.3463850021362305,-4.824738502502441
informationbaz_random_4,informationbaz,random,4,573724,2417985,padded_control,2,encoder_block_2,0.8501014709472656,-3.800464630126953,-4.650566101074219
informationbaz_random_4,informationbaz,random,4,573724,2417985,padded_control,3,encoder_block_3,0.8763058185577393,-3.355189561843872,-4.231495380401611
informationbaz_random_4,informationbaz,random,4,573724,2417985,padded_control,4,encoder_block_4,0.7333846092224121,-3.05062198638916,-3.7840065956115723
informationbaz_random_4,informationbaz,random,4,573724,2417985,padded_control,5,encoder_block_5,0.5179989337921143,-3.2887935638427734,-3.8067924976348877
informationbaz_random_4,informationbaz,random,4,573724,2417985,padded_control,6,encoder_block_6,0.47734761238098145,-3.313549041748047,-3.7908966541290283
informationbaz_random_4,informationbaz,random,4,573724,2417985,padded_control,7,encoder_block_7,0.31218576431274414,-3.2400755882263184,-3.5522613525390625
informationbaz_random_4,informationbaz,random,4,573724,2417985,padded_control,8,encoder_block_8,0.4110410213470459,-3.30393648147583,-3.714977502822876
informationbaz_random_4,informationbaz,random,4,573724,2417985,padded_control,9,encoder_block_9,0.6188435554504395,-2.6103267669677734,-3.229170322418213
informationbaz_random_4,informationbaz,random,4,573724,2417985,padded_control,10,encoder_block_10,0.3498868942260742,-2.4369611740112305,-2.7868480682373047
informationbaz_random_4,informationbaz,random,4,573724,2417985,padded_control,11,encoder_block_11,1.1359126567840576,-2.4319260120391846,-3.567838668823242
informationbaz_random_4,informationbaz,random,4,573724,2417985,padded_control,12,encoder_block_12,1.6890649795532227,-0.37840938568115234,-2.067474365234375
informationbaz_random_4,informationbaz,random,4,573724,2417985,attack,0,embedding,-0.19334077835083008,-4.74055290222168,-4.54721212387085
informationbaz_random_4,informationbaz,random,4,573724,2417985,attack,1,encoder_block_1,0.1946849822998047,-4.241612434387207,-4.436297416687012
informationbaz_random_4,informationbaz,random,4,573724,2417985,attack,2,encoder_block_2,0.5621368885040283,-3.382040500640869,-3.9441773891448975
informationbaz_random_4,informationbaz,random,4,573724,2417985,attack,3,encoder_block_3,0.6609480381011963,-2.761711597442627,-3.4226596355438232
informationbaz_random_4,informationbaz,random,4,573724,2417985,attack,4,encoder_block_4,0.6275217533111572,-2.229149580001831,-2.8566713333129883
informationbaz_random_4,informationbaz,random,4,573724,2417985,attack,5,encoder_block_5,0.5082104206085205,-2.4646215438842773,-2.972831964492798
informationbaz_random_4,informationbaz,random,4,573724,2417985,attack,6,encoder_block_6,0.47329092025756836,-2.599440097808838,-3.0727310180664062
informationbaz_random_4,informationbaz,random,4,573724,2417985,attack,7,encoder_block_7,0.3345355987548828,-2.552781581878662,-2.887317180633545
informationbaz_random_4,informationbaz,random,4,573724,2417985,attack,8,encoder_block_8,0.4369792938232422,-2.4999899864196777,-2.93696928024292
informationbaz_random_4,informationbaz,random,4,573724,2417985,attack,9,encoder_block_9,0.663297176361084,-2.006863594055176,-2.6701607704162598
informationbaz_random_4,informationbaz,random,4,573724,2417985,attack,10,encoder_block_10,0.25372767448425293,-2.123187780380249,-2.376915454864502
informationbaz_random_4,informationbaz,random,4,573724,2417985,attack,11,encoder_block_11,0.5110338926315308,-1.6868013143539429,-2.1978352069854736
informationbaz_random_4,informationbaz,random,4,573724,2417985,attack,12,encoder_block_12,-1.269640862941742,-1.7676002979278564,-0.4979594349861145
informationbaz_random_4,informationbaz,random,4,833860,3437288,original,0,embedding,0.28327178955078125,-4.437891006469727,-4.721162796020508
informationbaz_random_4,informationbaz,random,4,833860,3437288,original,1,encoder_block_1,-0.031508445739746094,-3.9710965156555176,-3.9395880699157715
informationbaz_random_4,informationbaz,random,4,833860,3437288,original,2,encoder_block_2,0.2634127140045166,-3.957318067550659,-4.220730781555176
informationbaz_random_4,informationbaz,random,4,833860,3437288,original,3,encoder_block_3,0.32537007331848145,-3.6058244705200195,-3.931194543838501
informationbaz_random_4,informationbaz,random,4,833860,3437288,original,4,encoder_block_4,0.3164553642272949,-3.4338927268981934,-3.7503480911254883
informationbaz_random_4,informationbaz,random,4,833860,3437288,original,5,encoder_block_5,0.2507596015930176,-3.241403102874756,-3.4921627044677734
informationbaz_random_4,informationbaz,random,4,833860,3437288,original,6,encoder_block_6,0.15444564819335938,-3.0541863441467285,-3.208631992340088
informationbaz_random_4,informationbaz,random,4,833860,3437288,original,7,encoder_block_7,0.19926786422729492,-3.1428756713867188,-3.3421435356140137
informationbaz_random_4,informationbaz,random,4,833860,3437288,original,8,encoder_block_8,0.2588486671447754,-3.3997340202331543,-3.6585826873779297
informationbaz_random_4,informationbaz,random,4,833860,3437288,original,9,encoder_block_9,0.5385427474975586,-3.0204596519470215,-3.55900239944458
informationbaz_random_4,informationbaz,random,4,833860,3437288,original,10,encoder_block_10,0.8934817314147949,-3.3729805946350098,-4.266462326049805
informationbaz_random_4,informationbaz,random,4,833860,3437288,original,11,encoder_block_11,2.8506088256835938,-5.062180519104004,-7.912789344787598
informationbaz_random_4,informationbaz,random,4,833860,3437288,original,12,encoder_block_12,6.083935737609863,-14.161747932434082,-20.245683670043945
informationbaz_random_4,informationbaz,random,4,833860,3437288,padded_control,0,embedding,0.28327178955078125,-4.437891006469727,-4.721162796020508
informationbaz_random_4,informationbaz,random,4,833860,3437288,padded_control,1,encoder_block_1,-0.010393857955932617,-3.9654014110565186,-3.955007553100586
informationbaz_random_4,informationbaz,random,4,833860,3437288,padded_control,2,encoder_block_2,0.282360315322876,-3.909921407699585,-4.192281723022461
informationbaz_random_4,informationbaz,random,4,833860,3437288,padded_control,3,encoder_block_3,0.35154199600219727,-3.5490598678588867,-3.900601863861084
informationbaz_random_4,informationbaz,random,4,833860,3437288,padded_control,4,encoder_block_4,0.3239450454711914,-3.3810484409332275,-3.704993486404419
informationbaz_random_4,informationbaz,random,4,833860,3437288,padded_control,5,encoder_block_5,0.26322197914123535,-3.214695453643799,-3.477917432785034
informationbaz_random_4,informationbaz,random,4,833860,3437288,padded_control,6,encoder_block_6,0.15493011474609375,-3.072286605834961,-3.2272167205810547
informationbaz_random_4,informationbaz,random,4,833860,3437288,padded_control,7,encoder_block_7,0.21293115615844727,-3.156538486480713,-3.36946964263916
informationbaz_random_4,informationbaz,random,4,833860,3437288,padded_control,8,encoder_block_8,0.2720370292663574,-3.4073662757873535,-3.679403305053711
informationbaz_random_4,informationbaz,random,4,833860,3437288,padded_control,9,encoder_block_9,0.5354874134063721,-3.018483877182007,-3.553971290588379
informationbaz_random_4,informationbaz,random,4,833860,3437288,padded_control,10,encoder_block_10,0.930645227432251,-3.4032227993011475,-4.333868026733398
informationbaz_random_4,informationbaz,random,4,833860,3437288,padded_control,11,encoder_block_11,2.93247127532959,-5.305756568908691,-8.238227844238281
informationbaz_random_4,informationbaz,random,4,833860,3437288,padded_control,12,encoder_block_12,6.1422119140625,-14.464103698730469,-20.60631561279297
informationbaz_random_4,informationbaz,random,4,833860,3437288,attack,0,embedding,0.06792974472045898,-4.437446594238281,-4.50537633895874
informationbaz_random_4,informationbaz,random,4,833860,3437288,attack,1,encoder_block_1,-0.08166289329528809,-3.896501302719116,-3.814838409423828
informationbaz_random_4,informationbaz,random,4,833860,3437288,attack,2,encoder_block_2,0.06640052795410156,-3.768435478210449,-3.834836006164551
informationbaz_random_4,informationbaz,random,4,833860,3437288,attack,3,encoder_block_3,0.18796777725219727,-3.2076611518859863,-3.3956289291381836
informationbaz_random_4,informationbaz,random,4,833860,3437288,attack,4,encoder_block_4,0.14529752731323242,-2.742816925048828,-2.8881144523620605
informationbaz_random_4,informationbaz,random,4,833860,3437288,attack,5,encoder_block_5,0.12457418441772461,-2.6490073204040527,-2.7735815048217773
informationbaz_random_4,informationbaz,random,4,833860,3437288,attack,6,encoder_block_6,0.05835151672363281,-2.3394100666046143,-2.397761583328247
informationbaz_random_4,informationbaz,random,4,833860,3437288,attack,7,encoder_block_7,0.08518123626708984,-2.5821421146392822,-2.667323350906372
informationbaz_random_4,informationbaz,random,4,833860,3437288,attack,8,encoder_block_8,0.1334071159362793,-2.764096975326538,-2.8975040912628174
informationbaz_random_4,informationbaz,random,4,833860,3437288,attack,9,encoder_block_9,0.46272706985473633,-2.5289463996887207,-2.991673469543457
informationbaz_random_4,informationbaz,random,4,833860,3437288,attack,10,encoder_block_10,0.9357714653015137,-3.0639352798461914,-3.999706745147705
informationbaz_random_4,informationbaz,random,4,833860,3437288,attack,11,encoder_block_11,2.809586524963379,-4.606010437011719,-7.415596961975098
informationbaz_random_4,informationbaz,random,4,833860,3437288,attack,12,encoder_block_12,5.588932991027832,-12.232817649841309,-17.82175064086914
informationbaz_random_4,informationbaz,random,4,855410,8651775,original,0,embedding,-0.0004994869232177734,-3.8915903568267822,-3.8910908699035645
informationbaz_random_4,informationbaz,random,4,855410,8651775,original,1,encoder_block_1,-0.30218029022216797,-2.7904090881347656,-2.4882287979125977
informationbaz_random_4,informationbaz,random,4,855410,8651775,original,2,encoder_block_2,-0.22163963317871094,-3.3285818099975586,-3.1069421768188477
informationbaz_random_4,informationbaz,random,4,855410,8651775,original,3,encoder_block_3,-0.14440345764160156,-3.0187277793884277,-2.874324321746826
informationbaz_random_4,informationbaz,random,4,855410,8651775,original,4,encoder_block_4,0.04519009590148926,-2.5126922130584717,-2.557882308959961
informationbaz_random_4,informationbaz,random,4,855410,8651775,original,5,encoder_block_5,-0.03499770164489746,-2.283599853515625,-2.2486021518707275
informationbaz_random_4,informationbaz,random,4,855410,8651775,original,6,encoder_block_6,-0.03384709358215332,-2.1514368057250977,-2.1175897121429443
informationbaz_random_4,informationbaz,random,4,855410,8651775,original,7,encoder_block_7,-0.08781051635742188,-2.2228050231933594,-2.1349945068359375
informationbaz_random_4,informationbaz,random,4,855410,8651775,original,8,encoder_block_8,0.2215876579284668,-2.5726051330566406,-2.7941927909851074
informationbaz_random_4,informationbaz,random,4,855410,8651775,original,9,encoder_block_9,0.6039667129516602,-2.2403812408447266,-2.8443479537963867
informationbaz_random_4,informationbaz,random,4,855410,8651775,original,10,encoder_block_10,0.9466085433959961,-2.4236526489257812,-3.3702611923217773
informationbaz_random_4,informationbaz,random,4,855410,8651775,original,11,encoder_block_11,1.7118556499481201,-3.7148897647857666,-5.426745414733887
informationbaz_random_4,informationbaz,random,4,855410,8651775,original,12,encoder_block_12,2.128062605857849,-0.6367737054824829,-2.764836311340332
informationbaz_random_4,informationbaz,random,4,855410,8651775,padded_control,0,embedding,-0.000499725341796875,-3.891590118408203,-3.8910903930664062
informationbaz_random_4,informationbaz,random,4,855410,8651775,padded_control,1,encoder_block_1,-0.2808043956756592,-2.789761543273926,-2.5089571475982666
informationbaz_random_4,informationbaz,random,4,855410,8651775,padded_control,2,encoder_block_2,-0.2231156826019287,-3.3625450134277344,-3.1394293308258057
informationbaz_random_4,informationbaz,random,4,855410,8651775,padded_control,3,encoder_block_3,-0.14093017578125,-3.0439250469207764,-2.9029948711395264
informationbaz_random_4,informationbaz,random,4,855410,8651775,padded_control,4,encoder_block_4,0.0510709285736084,-2.524404287338257,-2.5754752159118652
informationbaz_random_4,informationbaz,random,4,855410,8651775,padded_control,5,encoder_block_5,-0.021641016006469727,-2.2757976055145264,-2.2541565895080566
informationbaz_random_4,informationbaz,random,4,855410,8651775,padded_control,6,encoder_block_6,-0.02893233299255371,-2.131953716278076,-2.1030213832855225
informationbaz_random_4,informationbaz,random,4,855410,8651775,padded_control,7,encoder_block_7,-0.07293272018432617,-2.213054656982422,-2.1401219367980957
informationbaz_random_4,informationbaz,random,4,855410,8651775,padded_control,8,encoder_block_8,0.21778655052185059,-2.587311267852783,-2.805097818374634
informationbaz_random_4,informationbaz,random,4,855410,8651775,padded_control,9,encoder_block_9,0.6121201515197754,-2.2392454147338867,-2.851365566253662
informationbaz_random_4,informationbaz,random,4,855410,8651775,padded_control,10,encoder_block_10,0.9537444114685059,-2.4384446144104004,-3.3921890258789062
informationbaz_random_4,informationbaz,random,4,855410,8651775,padded_control,11,encoder_block_11,1.6800272464752197,-3.690708875656128,-5.370736122131348
informationbaz_random_4,informationbaz,random,4,855410,8651775,padded_control,12,encoder_block_12,2.0443848967552185,-0.5064764618873596,-2.550861358642578
informationbaz_random_4,informationbaz,random,4,855410,8651775,attack,0,embedding,-0.12204718589782715,-3.96551251411438,-3.8434653282165527
informationbaz_random_4,informationbaz,random,4,855410,8651775,attack,1,encoder_block_1,-0.34488558769226074,-2.8536221981048584,-2.5087366104125977
informationbaz_random_4,informationbaz,random,4,855410,8651775,attack,2,encoder_block_2,-0.2965881824493408,-2.9685239791870117,-2.671935796737671
informationbaz_random_4,informationbaz,random,4,855410,8651775,attack,3,encoder_block_3,-0.16982793807983398,-2.5225136280059814,-2.3526856899261475
informationbaz_random_4,informationbaz,random,4,855410,8651775,attack,4,encoder_block_4,-0.011295437812805176,-1.8023892641067505,-1.7910938262939453
informationbaz_random_4,informationbaz,random,4,855410,8651775,attack,5,encoder_block_5,-0.025179028511047363,-1.5124585628509521,-1.4872795343399048
informationbaz_random_4,informationbaz,random,4,855410,8651775,attack,6,encoder_block_6,0.008234739303588867,-1.3144938945770264,-1.3227286338806152
informationbaz_random_4,informationbaz,random,4,855410,8651775,attack,7,encoder_block_7,0.028226494789123535,-1.3645726442337036,-1.3927991390228271
informationbaz_random_4,informationbaz,random,4,855410,8651775,attack,8,encoder_block_8,0.2693789005279541,-1.8176543712615967,-2.087033271789551
informationbaz_random_4,informationbaz,random,4,855410,8651775,attack,9,encoder_block_9,0.6738412380218506,-1.5962929725646973,-2.270134210586548
informationbaz_random_4,informationbaz,random,4,855410,8651775,attack,10,encoder_block_10,0.894660234451294,-1.963221788406372,-2.857882022857666
informationbaz_random_4,informationbaz,random,4,855410,8651775,attack,11,encoder_block_11,1.3509368896484375,-2.8477840423583984,-4.198720932006836
informationbaz_random_4,informationbaz,random,4,855410,8651775,attack,12,encoder_block_12,1.1567905843257904,-0.1469830572605133,-1.3037736415863037
informationbaz_random_4,informationbaz,random,4,87181,7666831,original,0,embedding,0.8100113868713379,-4.153743743896484,-4.963755130767822
informationbaz_random_4,informationbaz,random,4,87181,7666831,original,1,encoder_block_1,0.419034481048584,-3.9806389808654785,-4.3996734619140625
informationbaz_random_4,informationbaz,random,4,87181,7666831,original,2,encoder_block_2,0.3467845916748047,-3.615621566772461,-3.9624061584472656
informationbaz_random_4,informationbaz,random,4,87181,7666831,original,3,encoder_block_3,0.42550039291381836,-3.310865879058838,-3.7363662719726562
informationbaz_random_4,informationbaz,random,4,87181,7666831,original,4,encoder_block_4,0.4125947952270508,-3.099289894104004,-3.5118846893310547
informationbaz_random_4,informationbaz,random,4,87181,7666831,original,5,encoder_block_5,0.4371976852416992,-3.0999841690063477,-3.537181854248047
informationbaz_random_4,informationbaz,random,4,87181,7666831,original,6,encoder_block_6,0.4695465564727783,-2.861825466156006,-3.331372022628784
informationbaz_random_4,informationbaz,random,4,87181,7666831,original,7,encoder_block_7,0.39350032806396484,-2.77595853805542,-3.1694588661193848
informationbaz_random_4,informationbaz,random,4,87181,7666831,original,8,encoder_block_8,0.3623545169830322,-2.9016475677490234,-3.2640020847320557
informationbaz_random_4,informationbaz,random,4,87181,7666831,original,9,encoder_block_9,0.5190751552581787,-2.5820841789245605,-3.1011593341827393
informationbaz_random_4,informationbaz,random,4,87181,7666831,original,10,encoder_block_10,0.040155887603759766,-2.4956367015838623,-2.535792589187622
informationbaz_random_4,informationbaz,random,4,87181,7666831,original,11,encoder_block_11,1.007146954536438,-1.4388636350631714,-2.4460105895996094
informationbaz_random_4,informationbaz,random,4,87181,7666831,original,12,encoder_block_12,1.1425405740737915,0.4891601800918579,-0.6533803939819336
informationbaz_random_4,informationbaz,random,4,87181,7666831,padded_control,0,embedding,0.8100123405456543,-4.153743743896484,-4.963756084442139
informationbaz_random_4,informationbaz,random,4,87181,7666831,padded_control,1,encoder_block_1,0.41899728775024414,-3.9672207832336426,-4.386218070983887
informationbaz_random_4,informationbaz,random,4,87181,7666831,padded_control,2,encoder_block_2,0.3425633907318115,-3.6339473724365234,-3.976510763168335
informationbaz_random_4,informationbaz,random,4,87181,7666831,padded_control,3,encoder_block_3,0.4140958786010742,-3.321786880493164,-3.7358827590942383
informationbaz_random_4,informationbaz,random,4,87181,7666831,padded_control,4,encoder_block_4,0.3991732597351074,-3.1259427070617676,-3.525115966796875
informationbaz_random_4,informationbaz,random,4,87181,7666831,padded_control,5,encoder_block_5,0.4253695011138916,-3.094651937484741,-3.520021438598633
informationbaz_random_4,informationbaz,random,4,87181,7666831,padded_control,6,encoder_block_6,0.4617726802825928,-2.845287799835205,-3.307060480117798
informationbaz_random_4,informationbaz,random,4,87181,7666831,padded_control,7,encoder_block_7,0.3973712921142578,-2.768200397491455,-3.165571689605713
informationbaz_random_4,informationbaz,random,4,87181,7666831,padded_control,8,encoder_block_8,0.3662068843841553,-2.9038937091827393,-3.2701005935668945
informationbaz_random_4,informationbaz,random,4,87181,7666831,padded_control,9,encoder_block_9,0.505547285079956,-2.6081533432006836,-3.1137006282806396
informationbaz_random_4,informationbaz,random,4,87181,7666831,padded_control,10,encoder_block_10,0.033493995666503906,-2.541428565979004,-2.574922561645508
informationbaz_random_4,informationbaz,random,4,87181,7666831,padded_control,11,encoder_block_11,0.9564443826675415,-1.481833577156067,-2.4382779598236084
informationbaz_random_4,informationbaz,random,4,87181,7666831,padded_control,12,encoder_block_12,1.0476253032684326,0.47522568702697754,-0.5723996162414551
informationbaz_random_4,informationbaz,random,4,87181,7666831,attack,0,embedding,0.5496354103088379,-4.428469657897949,-4.978105068206787
informationbaz_random_4,informationbaz,random,4,87181,7666831,attack,1,encoder_block_1,0.22850751876831055,-3.6323816776275635,-3.860889196395874
informationbaz_random_4,informationbaz,random,4,87181,7666831,attack,2,encoder_block_2,0.21625137329101562,-3.1009879112243652,-3.317239284515381
informationbaz_random_4,informationbaz,random,4,87181,7666831,attack,3,encoder_block_3,0.33527302742004395,-2.83532452583313,-3.170597553253174
informationbaz_random_4,informationbaz,random,4,87181,7666831,attack,4,encoder_block_4,0.32392191886901855,-2.460541009902954,-2.7844629287719727
informationbaz_random_4,informationbaz,random,4,87181,7666831,attack,5,encoder_block_5,0.3974597454071045,-2.4781076908111572,-2.8755674362182617
informationbaz_random_4,informationbaz,random,4,87181,7666831,attack,6,encoder_block_6,0.39931726455688477,-2.103602170944214,-2.5029194355010986
informationbaz_random_4,informationbaz,random,4,87181,7666831,attack,7,encoder_block_7,0.3296666145324707,-2.114854335784912,-2.444520950317383
informationbaz_random_4,informationbaz,random,4,87181,7666831,attack,8,encoder_block_8,0.2992241382598877,-2.199371576309204,-2.498595714569092
informationbaz_random_4,informationbaz,random,4,87181,7666831,attack,9,encoder_block_9,0.4457831382751465,-1.9841499328613281,-2.4299330711364746
informationbaz_random_4,informationbaz,random,4,87181,7666831,attack,10,encoder_block_10,-0.092926025390625,-2.2084240913391113,-2.1154980659484863
informationbaz_random_4,informationbaz,random,4,87181,7666831,attack,11,encoder_block_11,0.5812164545059204,-1.0406447649002075,-1.621861219406128
informationbaz_random_4,informationbaz,random,4,87181,7666831,attack,12,encoder_block_12,-0.6372255980968475,-1.0189752578735352,-0.3817496597766876
informationbaz_random_4,informationbaz,random,4,87452,8819111,original,0,embedding,0.14297890663146973,-2.635784387588501,-2.7787632942199707
informationbaz_random_4,informationbaz,random,4,87452,8819111,original,1,encoder_block_1,-0.1309511661529541,-3.342993974685669,-3.212042808532715
informationbaz_random_4,informationbaz,random,4,87452,8819111,original,2,encoder_block_2,0.17444419860839844,-3.8310461044311523,-4.005490303039551
informationbaz_random_4,informationbaz,random,4,87452,8819111,original,3,encoder_block_3,0.21619391441345215,-3.571133613586426,-3.787327527999878
informationbaz_random_4,informationbaz,random,4,87452,8819111,original,4,encoder_block_4,0.23829030990600586,-3.4284732341766357,-3.6667635440826416
informationbaz_random_4,informationbaz,random,4,87452,8819111,original,5,encoder_block_5,0.3014798164367676,-2.7383933067321777,-3.0398731231689453
informationbaz_random_4,informationbaz,random,4,87452,8819111,original,6,encoder_block_6,0.23776745796203613,-2.9374828338623047,-3.175250291824341
informationbaz_random_4,informationbaz,random,4,87452,8819111,original,7,encoder_block_7,0.42191147804260254,-2.5718774795532227,-2.993788957595825
informationbaz_random_4,informationbaz,random,4,87452,8819111,original,8,encoder_block_8,0.5371158123016357,-2.304563283920288,-2.841679096221924
informationbaz_random_4,informationbaz,random,4,87452,8819111,original,9,encoder_block_9,0.7079669237136841,-1.9538265466690063,-2.6617934703826904
informationbaz_random_4,informationbaz,random,4,87452,8819111,original,10,encoder_block_10,0.5587437152862549,-2.2575109004974365,-2.8162546157836914
informationbaz_random_4,informationbaz,random,4,87452,8819111,original,11,encoder_block_11,1.7053941488265991,-1.9827443361282349,-3.688138484954834
informationbaz_random_4,informationbaz,random,4,87452,8819111,original,12,encoder_block_12,3.4948244094848633,-4.777535438537598,-8.272359848022461
informationbaz_random_4,informationbaz,random,4,87452,8819111,padded_control,0,embedding,0.14297842979431152,-2.635784387588501,-2.7787628173828125
informationbaz_random_4,informationbaz,random,4,87452,8819111,padded_control,1,encoder_block_1,-0.11037921905517578,-3.320669651031494,-3.2102904319763184
informationbaz_random_4,informationbaz,random,4,87452,8819111,padded_control,2,encoder_block_2,0.1974937915802002,-3.8304975032806396,-4.02799129486084
informationbaz_random_4,informationbaz,random,4,87452,8819111,padded_control,3,encoder_block_3,0.2592482566833496,-3.5198636054992676,-3.779111862182617
informationbaz_random_4,informationbaz,random,4,87452,8819111,padded_control,4,encoder_block_4,0.26698970794677734,-3.356187343597412,-3.6231770515441895
informationbaz_random_4,informationbaz,random,4,87452,8819111,padded_control,5,encoder_block_5,0.3096153736114502,-2.724346160888672,-3.033961534500122
informationbaz_random_4,informationbaz,random,4,87452,8819111,padded_control,6,encoder_block_6,0.24210190773010254,-2.921881914138794,-3.1639838218688965
informationbaz_random_4,informationbaz,random,4,87452,8819111,padded_control,7,encoder_block_7,0.42182350158691406,-2.544658660888672,-2.966482162475586
informationbaz_random_4,informationbaz,random,4,87452,8819111,padded_control,8,encoder_block_8,0.5238986015319824,-2.2819600105285645,-2.805858612060547
informationbaz_random_4,informationbaz,random,4,87452,8819111,padded_control,9,encoder_block_9,0.6879851818084717,-1.9364736080169678,-2.6244587898254395
informationbaz_random_4,informationbaz,random,4,87452,8819111,padded_control,10,encoder_block_10,0.5380418300628662,-2.2067604064941406,-2.744802236557007
informationbaz_random_4,informationbaz,random,4,87452,8819111,padded_control,11,encoder_block_11,1.6686675548553467,-1.8854811191558838,-3.5541486740112305
informationbaz_random_4,informationbaz,random,4,87452,8819111,padded_control,12,encoder_block_12,3.5519237518310547,-5.047279357910156,-8.599203109741211
informationbaz_random_4,informationbaz,random,4,87452,8819111,attack,0,embedding,-0.08889532089233398,-2.9866771697998047,-2.8977818489074707
informationbaz_random_4,informationbaz,random,4,87452,8819111,attack,1,encoder_block_1,-0.25863218307495117,-3.0489797592163086,-2.7903475761413574
informationbaz_random_4,informationbaz,random,4,87452,8819111,attack,2,encoder_block_2,0.05445289611816406,-3.1656341552734375,-3.2200870513916016
informationbaz_random_4,informationbaz,random,4,87452,8819111,attack,3,encoder_block_3,0.03806447982788086,-2.4943253993988037,-2.5323898792266846
informationbaz_random_4,informationbaz,random,4,87452,8819111,attack,4,encoder_block_4,0.06471920013427734,-2.172497272491455,-2.2372164726257324
informationbaz_random_4,informationbaz,random,4,87452,8819111,attack,5,encoder_block_5,0.1574110984802246,-1.8414301872253418,-1.9988412857055664
informationbaz_random_4,informationbaz,random,4,87452,8819111,attack,6,encoder_block_6,0.1022576093673706,-1.924404263496399,-2.0266618728637695
informationbaz_random_4,informationbaz,random,4,87452,8819111,attack,7,encoder_block_7,0.2446504831314087,-1.7360724210739136,-1.9807229042053223
informationbaz_random_4,informationbaz,random,4,87452,8819111,attack,8,encoder_block_8,0.417446494102478,-1.5055845975875854,-1.9230310916900635
informationbaz_random_4,informationbaz,random,4,87452,8819111,attack,9,encoder_block_9,0.6766483783721924,-1.3493340015411377,-2.02598237991333
informationbaz_random_4,informationbaz,random,4,87452,8819111,attack,10,encoder_block_10,0.4729616641998291,-1.802034616470337,-2.274996280670166
informationbaz_random_4,informationbaz,random,4,87452,8819111,attack,11,encoder_block_11,1.6680998802185059,-1.6296241283416748,-3.2977240085601807
informationbaz_random_4,informationbaz,random,4,87452,8819111,attack,12,encoder_block_12,3.273508071899414,-3.3888254165649414,-6.6623334884643555
informationbaz_random_4,informationbaz,random,4,915593,8178998,original,0,embedding,0.6703367233276367,-3.762566089630127,-4.432902812957764
informationbaz_random_4,informationbaz,random,4,915593,8178998,original,1,encoder_block_1,0.7326927185058594,-3.521577835083008,-4.254270553588867
informationbaz_random_4,informationbaz,random,4,915593,8178998,original,2,encoder_block_2,0.6426405906677246,-3.6258625984191895,-4.268503189086914
informationbaz_random_4,informationbaz,random,4,915593,8178998,original,3,encoder_block_3,0.6695427894592285,-3.251236915588379,-3.9207797050476074
informationbaz_random_4,informationbaz,random,4,915593,8178998,original,4,encoder_block_4,0.7721796035766602,-3.1665492057800293,-3.9387288093566895
informationbaz_random_4,informationbaz,random,4,915593,8178998,original,5,encoder_block_5,0.7101783752441406,-2.8200206756591797,-3.5301990509033203
informationbaz_random_4,informationbaz,random,4,915593,8178998,original,6,encoder_block_6,0.7242584228515625,-2.8458504676818848,-3.5701088905334473
informationbaz_random_4,informationbaz,random,4,915593,8178998,original,7,encoder_block_7,0.7497453689575195,-2.700441598892212,-3.4501869678497314
informationbaz_random_4,informationbaz,random,4,915593,8178998,original,8,encoder_block_8,0.8311061859130859,-2.9234132766723633,-3.754519462585449
informationbaz_random_4,informationbaz,random,4,915593,8178998,original,9,encoder_block_9,0.8523128032684326,-2.3958349227905273,-3.24814772605896
informationbaz_random_4,informationbaz,random,4,915593,8178998,original,10,encoder_block_10,0.6986525058746338,-2.685680389404297,-3.3843328952789307
informationbaz_random_4,informationbaz,random,4,915593,8178998,original,11,encoder_block_11,1.253495216369629,-3.331954002380371,-4.58544921875
informationbaz_random_4,informationbaz,random,4,915593,8178998,original,12,encoder_block_12,3.0462746620178223,-2.9084630012512207,-5.954737663269043
informationbaz_random_4,informationbaz,random,4,915593,8178998,padded_control,0,embedding,0.6703376770019531,-3.7625656127929688,-4.432903289794922
informationbaz_random_4,informationbaz,random,4,915593,8178998,padded_control,1,encoder_block_1,0.742581844329834,-3.4996490478515625,-4.2422308921813965
informationbaz_random_4,informationbaz,random,4,915593,8178998,padded_control,2,encoder_block_2,0.6430845260620117,-3.6077184677124023,-4.250802993774414
informationbaz_random_4,informationbaz,random,4,915593,8178998,padded_control,3,encoder_block_3,0.6781902313232422,-3.257261276245117,-3.9354515075683594
informationbaz_random_4,informationbaz,random,4,915593,8178998,padded_control,4,encoder_block_4,0.7775611877441406,-3.167612075805664,-3.9451732635498047
informationbaz_random_4,informationbaz,random,4,915593,8178998,padded_control,5,encoder_block_5,0.7150528430938721,-2.807950496673584,-3.523003339767456
informationbaz_random_4,informationbaz,random,4,915593,8178998,padded_control,6,encoder_block_6,0.7356421947479248,-2.844095230102539,-3.579737424850464
informationbaz_random_4,informationbaz,random,4,915593,8178998,padded_control,7,encoder_block_7,0.7613213062286377,-2.7092201709747314,-3.470541477203369
informationbaz_random_4,informationbaz,random,4,915593,8178998,padded_control,8,encoder_block_8,0.8500931262969971,-2.93953275680542,-3.789625883102417
informationbaz_random_4,informationbaz,random,4,915593,8178998,padded_control,9,encoder_block_9,0.8689625263214111,-2.4145233631134033,-3.2834858894348145
informationbaz_random_4,informationbaz,random,4,915593,8178998,padded_control,10,encoder_block_10,0.7105815410614014,-2.6818337440490723,-3.3924152851104736
informationbaz_random_4,informationbaz,random,4,915593,8178998,padded_control,11,encoder_block_11,1.274043083190918,-3.276515483856201,-4.550558567047119
informationbaz_random_4,informationbaz,random,4,915593,8178998,padded_control,12,encoder_block_12,3.1322083473205566,-3.328035831451416,-6.460244178771973
informationbaz_random_4,informationbaz,random,4,915593,8178998,attack,0,embedding,0.34790754318237305,-4.033332824707031,-4.381240367889404
informationbaz_random_4,informationbaz,random,4,915593,8178998,attack,1,encoder_block_1,0.5745162963867188,-3.777282238006592,-4.3517985343933105
informationbaz_random_4,informationbaz,random,4,915593,8178998,attack,2,encoder_block_2,0.44196557998657227,-3.63877534866333,-4.080740928649902
informationbaz_random_4,informationbaz,random,4,915593,8178998,attack,3,encoder_block_3,0.5293259620666504,-2.9918103218078613,-3.5211362838745117
informationbaz_random_4,informationbaz,random,4,915593,8178998,attack,4,encoder_block_4,0.670520544052124,-2.5565547943115234,-3.2270753383636475
informationbaz_random_4,informationbaz,random,4,915593,8178998,attack,5,encoder_block_5,0.7159523963928223,-2.1395368576049805,-2.8554892539978027
informationbaz_random_4,informationbaz,random,4,915593,8178998,attack,6,encoder_block_6,0.7066211700439453,-2.122438430786133,-2.829059600830078
informationbaz_random_4,informationbaz,random,4,915593,8178998,attack,7,encoder_block_7,0.761436939239502,-1.9372172355651855,-2.6986541748046875
informationbaz_random_4,informationbaz,random,4,915593,8178998,attack,8,encoder_block_8,0.8940732479095459,-2.0527474880218506,-2.9468207359313965
informationbaz_random_4,informationbaz,random,4,915593,8178998,attack,9,encoder_block_9,0.8516280651092529,-1.473872423171997,-2.32550048828125
informationbaz_random_4,informationbaz,random,4,915593,8178998,attack,10,encoder_block_10,0.6813583374023438,-2.069765090942383,-2.7511234283447266
informationbaz_random_4,informationbaz,random,4,915593,8178998,attack,11,encoder_block_11,1.1844382286071777,-2.653120517730713,-3.8375587463378906
informationbaz_random_4,informationbaz,random,4,915593,8178998,attack,12,encoder_block_12,2.5997908115386963,-1.979982614517212,-4.579773426055908
informationbaz_random_4,informationbaz,random,4,962179,8689054,original,0,embedding,0.4924960136413574,-3.1767661571502686,-3.669262170791626
informationbaz_random_4,informationbaz,random,4,962179,8689054,original,1,encoder_block_1,0.9855179786682129,-4.654120922088623,-5.639638900756836
informationbaz_random_4,informationbaz,random,4,962179,8689054,original,2,encoder_block_2,1.276634693145752,-4.752655029296875,-6.029289722442627
informationbaz_random_4,informationbaz,random,4,962179,8689054,original,3,encoder_block_3,1.0348172187805176,-3.9238643646240234,-4.958681583404541
informationbaz_random_4,informationbaz,random,4,962179,8689054,original,4,encoder_block_4,1.2358736991882324,-3.2530341148376465,-4.488907814025879
informationbaz_random_4,informationbaz,random,4,962179,8689054,original,5,encoder_block_5,0.8853514194488525,-3.1087169647216797,-3.9940683841705322
informationbaz_random_4,informationbaz,random,4,962179,8689054,original,6,encoder_block_6,0.8565187454223633,-2.723583459854126,-3.5801022052764893
informationbaz_random_4,informationbaz,random,4,962179,8689054,original,7,encoder_block_7,0.861830472946167,-2.554117202758789,-3.415947675704956
informationbaz_random_4,informationbaz,random,4,962179,8689054,original,8,encoder_block_8,0.9117321968078613,-2.5163116455078125,-3.428043842315674
informationbaz_random_4,informationbaz,random,4,962179,8689054,original,9,encoder_block_9,0.6227021217346191,-2.0046091079711914,-2.6273112297058105
informationbaz_random_4,informationbaz,random,4,962179,8689054,original,10,encoder_block_10,-1.3784269094467163,-3.1815438270568848,-1.8031169176101685
informationbaz_random_4,informationbaz,random,4,962179,8689054,original,11,encoder_block_11,-3.9445338249206543,-9.913026809692383,-5.9684929847717285
informationbaz_random_4,informationbaz,random,4,962179,8689054,original,12,encoder_block_12,-11.904458999633789,-24.732324600219727,-12.827865600585938
informationbaz_random_4,informationbaz,random,4,962179,8689054,padded_control,0,embedding,0.4924957752227783,-3.176766872406006,-3.669262647628784
informationbaz_random_4,informationbaz,random,4,962179,8689054,padded_control,1,encoder_block_1,0.9843463897705078,-4.663913726806641,-5.648260116577148
informationbaz_random_4,informationbaz,random,4,962179,8689054,padded_control,2,encoder_block_2,1.2722644805908203,-4.717291831970215,-5.989556312561035
informationbaz_random_4,informationbaz,random,4,962179,8689054,padded_control,3,encoder_block_3,1.0313396453857422,-3.8655595779418945,-4.896899223327637
informationbaz_random_4,informationbaz,random,4,962179,8689054,padded_control,4,encoder_block_4,1.227403163909912,-3.163543224334717,-4.390946388244629
informationbaz_random_4,informationbaz,random,4,962179,8689054,padded_control,5,encoder_block_5,0.8694107532501221,-3.0404131412506104,-3.9098238945007324
informationbaz_random_4,informationbaz,random,4,962179,8689054,padded_control,6,encoder_block_6,0.8343477249145508,-2.684420585632324,-3.518768310546875
informationbaz_random_4,informationbaz,random,4,962179,8689054,padded_control,7,encoder_block_7,0.8455672264099121,-2.5532941818237305,-3.3988614082336426
informationbaz_random_4,informationbaz,random,4,962179,8689054,padded_control,8,encoder_block_8,0.9057703018188477,-2.5233871936798096,-3.4291574954986572
informationbaz_random_4,informationbaz,random,4,962179,8689054,padded_control,9,encoder_block_9,0.6439673900604248,-2.0450198650360107,-2.6889872550964355
informationbaz_random_4,informationbaz,random,4,962179,8689054,padded_control,10,encoder_block_10,-1.36016845703125,-3.189575433731079,-1.829406976699829
informationbaz_random_4,informationbaz,random,4,962179,8689054,padded_control,11,encoder_block_11,-3.8841781616210938,-9.673930168151855,-5.789752006530762
informationbaz_random_4,informationbaz,random,4,962179,8689054,padded_control,12,encoder_block_12,-11.816662788391113,-24.717010498046875,-12.900347709655762
informationbaz_random_4,informationbaz,random,4,962179,8689054,attack,0,embedding,0.24921274185180664,-3.0552244186401367,-3.3044371604919434
informationbaz_random_4,informationbaz,random,4,962179,8689054,attack,1,encoder_block_1,0.5274310111999512,-4.182429790496826,-4.709860801696777
informationbaz_random_4,informationbaz,random,4,962179,8689054,attack,2,encoder_block_2,0.8182806968688965,-4.203217029571533,-5.02149772644043
informationbaz_random_4,informationbaz,random,4,962179,8689054,attack,3,encoder_block_3,0.7468373775482178,-3.2010700702667236,-3.9479074478149414
informationbaz_random_4,informationbaz,random,4,962179,8689054,attack,4,encoder_block_4,0.9559845924377441,-2.4233555793762207,-3.379340171813965
informationbaz_random_4,informationbaz,random,4,962179,8689054,attack,5,encoder_block_5,0.7751755714416504,-2.536310911178589,-3.3114864826202393
informationbaz_random_4,informationbaz,random,4,962179,8689054,attack,6,encoder_block_6,0.7720232009887695,-2.093975067138672,-2.8659982681274414
informationbaz_random_4,informationbaz,random,4,962179,8689054,attack,7,encoder_block_7,0.782686710357666,-1.9324195384979248,-2.715106248855591
informationbaz_random_4,informationbaz,random,4,962179,8689054,attack,8,encoder_block_8,0.8938862085342407,-1.780981183052063,-2.6748673915863037
informationbaz_random_4,informationbaz,random,4,962179,8689054,attack,9,encoder_block_9,0.7051601409912109,-1.691269874572754,-2.396430015563965
informationbaz_random_4,informationbaz,random,4,962179,8689054,attack,10,encoder_block_10,-1.01669180393219,-2.488626718521118,-1.4719349145889282
informationbaz_random_4,informationbaz,random,4,962179,8689054,attack,11,encoder_block_11,-3.2479279041290283,-7.156782150268555,-3.9088542461395264
informationbaz_random_4,informationbaz,random,4,962179,8689054,attack,12,encoder_block_12,-11.694232940673828,-24.734086990356445,-13.039854049682617
informationbaz_random_4,informationbaz,random,4,1037798,8760867,original,0,embedding,1.0277526378631592,-1.6768829822540283,-2.7046356201171875
informationbaz_random_4,informationbaz,random,4,1037798,8760867,original,1,encoder_block_1,0.7746071815490723,-3.299429416656494,-4.074036598205566
informationbaz_random_4,informationbaz,random,4,1037798,8760867,original,2,encoder_block_2,0.7961463928222656,-3.671980857849121,-4.468127250671387
informationbaz_random_4,informationbaz,random,4,1037798,8760867,original,3,encoder_block_3,0.5291130542755127,-3.166836977005005,-3.6959500312805176
informationbaz_random_4,informationbaz,random,4,1037798,8760867,original,4,encoder_block_4,0.33939599990844727,-3.1188836097717285,-3.458279609680176
informationbaz_random_4,informationbaz,random,4,1037798,8760867,original,5,encoder_block_5,0.2607414722442627,-2.659870147705078,-2.920611619949341
informationbaz_random_4,informationbaz,random,4,1037798,8760867,original,6,encoder_block_6,0.4179649353027344,-2.1874136924743652,-2.6053786277770996
informationbaz_random_4,informationbaz,random,4,1037798,8760867,original,7,encoder_block_7,0.4152679443359375,-2.4801268577575684,-2.895394802093506
informationbaz_random_4,informationbaz,random,4,1037798,8760867,original,8,encoder_block_8,0.37973904609680176,-2.3107621669769287,-2.6905012130737305
informationbaz_random_4,informationbaz,random,4,1037798,8760867,original,9,encoder_block_9,0.6364247798919678,-1.9664537906646729,-2.6028785705566406
informationbaz_random_4,informationbaz,random,4,1037798,8760867,original,10,encoder_block_10,1.0374128818511963,-2.4827864170074463,-3.5201992988586426
informationbaz_random_4,informationbaz,random,4,1037798,8760867,original,11,encoder_block_11,2.7416677474975586,-4.561912536621094,-7.303580284118652
informationbaz_random_4,informationbaz,random,4,1037798,8760867,original,12,encoder_block_12,5.58027458190918,-13.170316696166992,-18.750591278076172
informationbaz_random_4,informationbaz,random,4,1037798,8760867,padded_control,0,embedding,1.0277522802352905,-1.676883339881897,-2.7046356201171875
informationbaz_random_4,informationbaz,random,4,1037798,8760867,padded_control,1,encoder_block_1,0.7813746929168701,-3.2891743183135986,-4.070549011230469
informationbaz_random_4,informationbaz,random,4,1037798,8760867,padded_control,2,encoder_block_2,0.7930192947387695,-3.710923194885254,-4.503942489624023
informationbaz_random_4,informationbaz,random,4,1037798,8760867,padded_control,3,encoder_block_3,0.5232932567596436,-3.220806360244751,-3.7440996170043945
informationbaz_random_4,informationbaz,random,4,1037798,8760867,padded_control,4,encoder_block_4,0.34313535690307617,-3.197422504425049,-3.540557861328125
informationbaz_random_4,informationbaz,random,4,1037798,8760867,padded_control,5,encoder_block_5,0.2745242118835449,-2.7363359928131104,-3.0108602046966553
informationbaz_random_4,informationbaz,random,4,1037798,8760867,padded_control,6,encoder_block_6,0.45584678649902344,-2.247654438018799,-2.7035012245178223
informationbaz_random_4,informationbaz,random,4,1037798,8760867,padded_control,7,encoder_block_7,0.4576284885406494,-2.5182440280914307,-2.97587251663208
informationbaz_random_4,informationbaz,random,4,1037798,8760867,padded_control,8,encoder_block_8,0.42862606048583984,-2.2749686241149902,-2.70359468460083
informationbaz_random_4,informationbaz,random,4,1037798,8760867,padded_control,9,encoder_block_9,0.7225885391235352,-1.8919095993041992,-2.6144981384277344
informationbaz_random_4,informationbaz,random,4,1037798,8760867,padded_control,10,encoder_block_10,1.0943059921264648,-2.431706666946411,-3.526012659072876
informationbaz_random_4,informationbaz,random,4,1037798,8760867,padded_control,11,encoder_block_11,2.792642593383789,-4.725095272064209,-7.517737865447998
informationbaz_random_4,informationbaz,random,4,1037798,8760867,padded_control,12,encoder_block_12,5.569864273071289,-12.94392204284668,-18.51378631591797
informationbaz_random_4,informationbaz,random,4,1037798,8760867,attack,0,embedding,0.6595323085784912,-1.836867094039917,-2.496399402618408
informationbaz_random_4,informationbaz,random,4,1037798,8760867,attack,1,encoder_block_1,0.7021458148956299,-3.0841317176818848,-3.7862775325775146
informationbaz_random_4,informationbaz,random,4,1037798,8760867,attack,2,encoder_block_2,0.7217535972595215,-3.294633388519287,-4.016386985778809
informationbaz_random_4,informationbaz,random,4,1037798,8760867,attack,3,encoder_block_3,0.46752262115478516,-2.5967752933502197,-3.064297914505005
informationbaz_random_4,informationbaz,random,4,1037798,8760867,attack,4,encoder_block_4,0.3377518653869629,-2.383942127227783,-2.721693992614746
informationbaz_random_4,informationbaz,random,4,1037798,8760867,attack,5,encoder_block_5,0.28461623191833496,-2.1979246139526367,-2.4825408458709717
informationbaz_random_4,informationbaz,random,4,1037798,8760867,attack,6,encoder_block_6,0.49346423149108887,-1.5599939823150635,-2.0534582138061523
informationbaz_random_4,informationbaz,random,4,1037798,8760867,attack,7,encoder_block_7,0.4765143394470215,-1.8231217861175537,-2.299636125564575
informationbaz_random_4,informationbaz,random,4,1037798,8760867,attack,8,encoder_block_8,0.49939632415771484,-1.472517490386963,-1.9719138145446777
informationbaz_random_4,informationbaz,random,4,1037798,8760867,attack,9,encoder_block_9,0.7827658653259277,-1.3290889263153076,-2.1118547916412354
informationbaz_random_4,informationbaz,random,4,1037798,8760867,attack,10,encoder_block_10,1.0272655487060547,-1.7518720626831055,-2.77913761138916
informationbaz_random_4,informationbaz,random,4,1037798,8760867,attack,11,encoder_block_11,2.4468772411346436,-3.1178810596466064,-5.56475830078125
informationbaz_random_4,informationbaz,random,4,1037798,8760867,attack,12,encoder_block_12,5.18178653717041,-11.353610038757324,-16.535396575927734
informationbaz_random_4,informationbaz,random,4,104861,5864693,original,0,embedding,1.3101580142974854,-3.0086019039154053,-4.318759918212891
informationbaz_random_4,informationbaz,random,4,104861,5864693,original,1,encoder_block_1,1.3646221160888672,-3.3076910972595215,-4.672313213348389
informationbaz_random_4,informationbaz,random,4,104861,5864693,original,2,encoder_block_2,1.5980381965637207,-3.2851901054382324,-4.883228302001953
informationbaz_random_4,informationbaz,random,4,104861,5864693,original,3,encoder_block_3,1.4628987312316895,-2.9348440170288086,-4.397742748260498
informationbaz_random_4,informationbaz,random,4,104861,5864693,original,4,encoder_block_4,1.7519667148590088,-2.7756645679473877,-4.5276312828063965
informationbaz_random_4,informationbaz,random,4,104861,5864693,original,5,encoder_block_5,1.7787036895751953,-2.756956100463867,-4.5356597900390625
informationbaz_random_4,informationbaz,random,4,104861,5864693,original,6,encoder_block_6,1.5728740692138672,-2.697033405303955,-4.269907474517822
informationbaz_random_4,informationbaz,random,4,104861,5864693,original,7,encoder_block_7,1.539109706878662,-2.766003131866455,-4.305112838745117
informationbaz_random_4,informationbaz,random,4,104861,5864693,original,8,encoder_block_8,1.4703872203826904,-2.7597463130950928,-4.230133533477783
informationbaz_random_4,informationbaz,random,4,104861,5864693,original,9,encoder_block_9,1.5695881843566895,-2.44484281539917,-4.014430999755859
informationbaz_random_4,informationbaz,random,4,104861,5864693,original,10,encoder_block_10,1.575225830078125,-2.8060660362243652,-4.38129186630249
informationbaz_random_4,informationbaz,random,4,104861,5864693,original,11,encoder_block_11,1.169312596321106,-0.7893911600112915,-1.9587037563323975
informationbaz_random_4,informationbaz,random,4,104861,5864693,original,12,encoder_block_12,-5.711215972900391,-18.652692794799805,-12.941476821899414
informationbaz_random_4,informationbaz,random,4,104861,5864693,padded_control,0,embedding,1.3101577758789062,-3.008601665496826,-4.318759441375732
informationbaz_random_4,informationbaz,random,4,104861,5864693,padded_control,1,encoder_block_1,1.3704118728637695,-3.2930893898010254,-4.663501262664795
informationbaz_random_4,informationbaz,random,4,104861,5864693,padded_control,2,encoder_block_2,1.5824604034423828,-3.30001163482666,-4.882472038269043
informationbaz_random_4,informationbaz,random,4,104861,5864693,padded_control,3,encoder_block_3,1.4692988395690918,-2.9553627967834473,-4.424661636352539
informationbaz_random_4,informationbaz,random,4,104861,5864693,padded_control,4,encoder_block_4,1.7587296962738037,-2.7804033756256104,-4.539133071899414
informationbaz_random_4,informationbaz,random,4,104861,5864693,padded_control,5,encoder_block_5,1.7882485389709473,-2.759097099304199,-4.5473456382751465
informationbaz_random_4,informationbaz,random,4,104861,5864693,padded_control,6,encoder_block_6,1.5964572429656982,-2.701932191848755,-4.298389434814453
informationbaz_random_4,informationbaz,random,4,104861,5864693,padded_control,7,encoder_block_7,1.5578718185424805,-2.8132810592651367,-4.371152877807617
informationbaz_random_4,informationbaz,random,4,104861,5864693,padded_control,8,encoder_block_8,1.4968218803405762,-2.8171157836914062,-4.313937664031982
informationbaz_random_4,informationbaz,random,4,104861,5864693,padded_control,9,encoder_block_9,1.5932941436767578,-2.469298839569092,-4.06259298324585
informationbaz_random_4,informationbaz,random,4,104861,5864693,padded_control,10,encoder_block_10,1.598064661026001,-2.815559148788452,-4.413623809814453
informationbaz_random_4,informationbaz,random,4,104861,5864693,padded_control,11,encoder_block_11,1.188823938369751,-0.8407752513885498,-2.029599189758301
informationbaz_random_4,informationbaz,random,4,104861,5864693,padded_control,12,encoder_block_12,-5.782473564147949,-19.04438018798828,-13.261906623840332
informationbaz_random_4,informationbaz,random,4,104861,5864693,attack,0,embedding,1.1868655681610107,-3.276475667953491,-4.463341236114502
informationbaz_random_4,informationbaz,random,4,104861,5864693,attack,1,encoder_block_1,1.140141487121582,-3.3330154418945312,-4.473156929016113
informationbaz_random_4,informationbaz,random,4,104861,5864693,attack,2,encoder_block_2,1.382204294204712,-2.9576542377471924,-4.339858531951904
informationbaz_random_4,informationbaz,random,4,104861,5864693,attack,3,encoder_block_3,1.3507661819458008,-2.614858627319336,-3.9656248092651367
informationbaz_random_4,informationbaz,random,4,104861,5864693,attack,4,encoder_block_4,1.5513277053833008,-2.178760051727295,-3.7300877571105957
informationbaz_random_4,informationbaz,random,4,104861,5864693,attack,5,encoder_block_5,1.6520519256591797,-2.3742594718933105,-4.02631139755249
informationbaz_random_4,informationbaz,random,4,104861,5864693,attack,6,encoder_block_6,1.5112473964691162,-2.2256557941436768,-3.736903190612793
informationbaz_random_4,informationbaz,random,4,104861,5864693,attack,7,encoder_block_7,1.4472804069519043,-2.4166207313537598,-3.863901138305664
informationbaz_random_4,informationbaz,random,4,104861,5864693,attack,8,encoder_block_8,1.4544477462768555,-2.46127986907959,-3.9157276153564453
informationbaz_random_4,informationbaz,random,4,104861,5864693,attack,9,encoder_block_9,1.620222568511963,-2.299686908721924,-3.9199094772338867
informationbaz_random_4,informationbaz,random,4,104861,5864693,attack,10,encoder_block_10,1.6500623226165771,-2.749828577041626,-4.399890899658203
informationbaz_random_4,informationbaz,random,4,104861,5864693,attack,11,encoder_block_11,1.2808783650398254,-0.8712536692619324,-2.152132034301758
informationbaz_random_4,informationbaz,random,4,104861,5864693,attack,12,encoder_block_12,-4.926973342895508,-13.798852920532227,-8.871879577636719
informationbaz_random_4,informationbaz,random,4,1063750,2997653,original,0,embedding,0.2163100242614746,-4.397169589996338,-4.6134796142578125
informationbaz_random_4,informationbaz,random,4,1063750,2997653,original,1,encoder_block_1,0.31635427474975586,-3.439950466156006,-3.7563047409057617
informationbaz_random_4,informationbaz,random,4,1063750,2997653,original,2,encoder_block_2,0.42437028884887695,-3.3954405784606934,-3.8198108673095703
informationbaz_random_4,informationbaz,random,4,1063750,2997653,original,3,encoder_block_3,0.37287402153015137,-3.346041440963745,-3.7189154624938965
informationbaz_random_4,informationbaz,random,4,1063750,2997653,original,4,encoder_block_4,0.5634288787841797,-3.32914662361145,-3.89257550239563
informationbaz_random_4,informationbaz,random,4,1063750,2997653,original,5,encoder_block_5,0.5658025741577148,-2.7010366916656494,-3.2668392658233643
informationbaz_random_4,informationbaz,random,4,1063750,2997653,original,6,encoder_block_6,0.4535949230194092,-2.447730541229248,-2.9013254642486572
informationbaz_random_4,informationbaz,random,4,1063750,2997653,original,7,encoder_block_7,0.5761830806732178,-2.446786642074585,-3.0229697227478027
informationbaz_random_4,informationbaz,random,4,1063750,2997653,original,8,encoder_block_8,0.5439143180847168,-2.2674450874328613,-2.811359405517578
informationbaz_random_4,informationbaz,random,4,1063750,2997653,original,9,encoder_block_9,0.5273476839065552,-1.828527808189392,-2.3558754920959473
informationbaz_random_4,informationbaz,random,4,1063750,2997653,original,10,encoder_block_10,0.5664772987365723,-2.5081892013549805,-3.0746665000915527
informationbaz_random_4,informationbaz,random,4,1063750,2997653,original,11,encoder_block_11,-0.0346142053604126,-1.315815806388855,-1.2812016010284424
informationbaz_random_4,informationbaz,random,4,1063750,2997653,original,12,encoder_block_12,-9.526568412780762,-24.737882614135742,-15.21131420135498
informationbaz_random_4,informationbaz,random,4,1063750,2997653,padded_control,0,embedding,0.2163100242614746,-4.397170066833496,-4.613480091094971
informationbaz_random_4,informationbaz,random,4,1063750,2997653,padded_control,1,encoder_block_1,0.2999389171600342,-3.446019411087036,-3.7459583282470703
informationbaz_random_4,informationbaz,random,4,1063750,2997653,padded_control,2,encoder_block_2,0.4091465473175049,-3.3937785625457764,-3.8029251098632812
informationbaz_random_4,informationbaz,random,4,1063750,2997653,padded_control,3,encoder_block_3,0.3479888439178467,-3.3549587726593018,-3.7029476165771484
informationbaz_random_4,informationbaz,random,4,1063750,2997653,padded_control,4,encoder_block_4,0.5369315147399902,-3.3485889434814453,-3.8855204582214355
informationbaz_random_4,informationbaz,random,4,1063750,2997653,padded_control,5,encoder_block_5,0.5456721782684326,-2.6976795196533203,-3.243351697921753
informationbaz_random_4,informationbaz,random,4,1063750,2997653,padded_control,6,encoder_block_6,0.42496824264526367,-2.44626522064209,-2.8712334632873535
informationbaz_random_4,informationbaz,random,4,1063750,2997653,padded_control,7,encoder_block_7,0.5358395576477051,-2.4906606674194336,-3.0265002250671387
informationbaz_random_4,informationbaz,random,4,1063750,2997653,padded_control,8,encoder_block_8,0.5242879390716553,-2.2841904163360596,-2.808478355407715
informationbaz_random_4,informationbaz,random,4,1063750,2997653,padded_control,9,encoder_block_9,0.5264859199523926,-1.8122313022613525,-2.338717222213745
informationbaz_random_4,informationbaz,random,4,1063750,2997653,padded_control,10,encoder_block_10,0.5648066997528076,-2.4920268058776855,-3.056833505630493
informationbaz_random_4,informationbaz,random,4,1063750,2997653,padded_control,11,encoder_block_11,-0.052187323570251465,-1.286590576171875,-1.2344032526016235
informationbaz_random_4,informationbaz,random,4,1063750,2997653,padded_control,12,encoder_block_12,-9.333178520202637,-24.611570358276367,-15.27839183807373
informationbaz_random_4,informationbaz,random,4,1063750,2997653,attack,0,embedding,0.04452991485595703,-4.427018165588379,-4.471548080444336
informationbaz_random_4,informationbaz,random,4,1063750,2997653,attack,1,encoder_block_1,0.15851044654846191,-3.3017594814300537,-3.4602699279785156
informationbaz_random_4,informationbaz,random,4,1063750,2997653,attack,2,encoder_block_2,0.2183375358581543,-2.838691234588623,-3.0570287704467773
informationbaz_random_4,informationbaz,random,4,1063750,2997653,attack,3,encoder_block_3,0.18318986892700195,-2.791134834289551,-2.9743247032165527
informationbaz_random_4,informationbaz,random,4,1063750,2997653,attack,4,encoder_block_4,0.3820066452026367,-2.6852598190307617,-3.0672664642333984
informationbaz_random_4,informationbaz,random,4,1063750,2997653,attack,5,encoder_block_5,0.4243340492248535,-2.2162082195281982,-2.6405422687530518
informationbaz_random_4,informationbaz,random,4,1063750,2997653,attack,6,encoder_block_6,0.3537275791168213,-1.9156744480133057,-2.269402027130127
informationbaz_random_4,informationbaz,random,4,1063750,2997653,attack,7,encoder_block_7,0.4929765462875366,-1.9889534711837769,-2.4819300174713135
informationbaz_random_4,informationbaz,random,4,1063750,2997653,attack,8,encoder_block_8,0.4832412004470825,-1.7403968572616577,-2.2236380577087402
informationbaz_random_4,informationbaz,random,4,1063750,2997653,attack,9,encoder_block_9,0.5474635362625122,-1.3711299896240234,-1.9185935258865356
informationbaz_random_4,informationbaz,random,4,1063750,2997653,attack,10,encoder_block_10,0.5346856117248535,-2.0771753787994385,-2.611860990524292
informationbaz_random_4,informationbaz,random,4,1063750,2997653,attack,11,encoder_block_11,0.1528388261795044,-1.3649433851242065,-1.517782211303711
informationbaz_random_4,informationbaz,random,4,1063750,2997653,attack,12,encoder_block_12,-8.37559700012207,-24.397676467895508,-16.022079467773438
informationbaz_random_4,informationbaz,random,4,1103812,1659850,original,0,embedding,0.4257817268371582,-3.8202104568481445,-4.245992183685303
informationbaz_random_4,informationbaz,random,4,1103812,1659850,original,1,encoder_block_1,0.3321256637573242,-4.899540901184082,-5.231666564941406
informationbaz_random_4,informationbaz,random,4,1103812,1659850,original,2,encoder_block_2,0.6252179145812988,-5.044212818145752,-5.669430732727051
informationbaz_random_4,informationbaz,random,4,1103812,1659850,original,3,encoder_block_3,0.5269737243652344,-4.719748020172119,-5.2467217445373535
informationbaz_random_4,informationbaz,random,4,1103812,1659850,original,4,encoder_block_4,0.2543373107910156,-4.711142539978027,-4.965479850769043
informationbaz_random_4,informationbaz,random,4,1103812,1659850,original,5,encoder_block_5,0.17754030227661133,-4.3530592918396,-4.530599594116211
informationbaz_random_4,informationbaz,random,4,1103812,1659850,original,6,encoder_block_6,0.25249671936035156,-3.987577438354492,-4.240074157714844
informationbaz_random_4,informationbaz,random,4,1103812,1659850,original,7,encoder_block_7,0.3296332359313965,-3.889120578765869,-4.218753814697266
informationbaz_random_4,informationbaz,random,4,1103812,1659850,original,8,encoder_block_8,0.3016543388366699,-3.619520664215088,-3.921175003051758
informationbaz_random_4,informationbaz,random,4,1103812,1659850,original,9,encoder_block_9,0.5543015003204346,-3.3536276817321777,-3.9079291820526123
informationbaz_random_4,informationbaz,random,4,1103812,1659850,original,10,encoder_block_10,0.26542019844055176,-3.5322039127349854,-3.797624111175537
informationbaz_random_4,informationbaz,random,4,1103812,1659850,original,11,encoder_block_11,0.037830352783203125,-3.3901278972625732,-3.4279582500457764
informationbaz_random_4,informationbaz,random,4,1103812,1659850,original,12,encoder_block_12,-5.150150299072266,-17.028793334960938,-11.878643035888672
informationbaz_random_4,informationbaz,random,4,1103812,1659850,padded_control,0,embedding,0.4257807731628418,-3.8202109336853027,-4.2459917068481445
informationbaz_random_4,informationbaz,random,4,1103812,1659850,padded_control,1,encoder_block_1,0.3379368782043457,-4.89265251159668,-5.230589389801025
informationbaz_random_4,informationbaz,random,4,1103812,1659850,padded_control,2,encoder_block_2,0.6251635551452637,-5.053070545196533,-5.678234100341797
informationbaz_random_4,informationbaz,random,4,1103812,1659850,padded_control,3,encoder_block_3,0.5201830863952637,-4.737444877624512,-5.257627964019775
informationbaz_random_4,informationbaz,random,4,1103812,1659850,padded_control,4,encoder_block_4,0.26119565963745117,-4.72448205947876,-4.985677719116211
informationbaz_random_4,informationbaz,random,4,1103812,1659850,padded_control,5,encoder_block_5,0.16152524948120117,-4.363179683685303,-4.524704933166504
informationbaz_random_4,informationbaz,random,4,1103812,1659850,padded_control,6,encoder_block_6,0.2439746856689453,-4.013268947601318,-4.257243633270264
informationbaz_random_4,informationbaz,random,4,1103812,1659850,padded_control,7,encoder_block_7,0.3161923885345459,-3.926358938217163,-4.242551326751709
informationbaz_random_4,informationbaz,random,4,1103812,1659850,padded_control,8,encoder_block_8,0.28415513038635254,-3.651660919189453,-3.9358160495758057
informationbaz_random_4,informationbaz,random,4,1103812,1659850,padded_control,9,encoder_block_9,0.5306792259216309,-3.358755111694336,-3.889434337615967
informationbaz_random_4,informationbaz,random,4,1103812,1659850,padded_control,10,encoder_block_10,0.23249387741088867,-3.590421199798584,-3.8229150772094727
informationbaz_random_4,informationbaz,random,4,1103812,1659850,padded_control,11,encoder_block_11,-0.010744333267211914,-3.407956123352051,-3.397211790084839
informationbaz_random_4,informationbaz,random,4,1103812,1659850,padded_control,12,encoder_block_12,-5.048715591430664,-16.035266876220703,-10.986551284790039
informationbaz_random_4,informationbaz,random,4,1103812,1659850,attack,0,embedding,0.34152841567993164,-3.7051658630371094,-4.046694278717041
informationbaz_random_4,informationbaz,random,4,1103812,1659850,attack,1,encoder_block_1,0.28409528732299805,-4.511918544769287,-4.796013832092285
informationbaz_random_4,informationbaz,random,4,1103812,1659850,attack,2,encoder_block_2,0.42368268966674805,-4.632748603820801,-5.056431293487549
informationbaz_random_4,informationbaz,random,4,1103812,1659850,attack,3,encoder_block_3,0.45543956756591797,-4.128044128417969,-4.583483695983887
informationbaz_random_4,informationbaz,random,4,1103812,1659850,attack,4,encoder_block_4,0.20663237571716309,-3.855565309524536,-4.062197685241699
informationbaz_random_4,informationbaz,random,4,1103812,1659850,attack,5,encoder_block_5,0.13873529434204102,-3.6732020378112793,-3.8119373321533203
informationbaz_random_4,informationbaz,random,4,1103812,1659850,attack,6,encoder_block_6,0.20437312126159668,-3.3638932704925537,-3.5682663917541504
informationbaz_random_4,informationbaz,random,4,1103812,1659850,attack,7,encoder_block_7,0.25304198265075684,-3.325928211212158,-3.578970193862915
informationbaz_random_4,informationbaz,random,4,1103812,1659850,attack,8,encoder_block_8,0.31778836250305176,-3.009059429168701,-3.326847791671753
informationbaz_random_4,informationbaz,random,4,1103812,1659850,attack,9,encoder_block_9,0.6127126216888428,-2.860382080078125,-3.4730947017669678
informationbaz_random_4,informationbaz,random,4,1103812,1659850,attack,10,encoder_block_10,0.31078577041625977,-3.2364721298217773,-3.547257900238037
informationbaz_random_4,informationbaz,random,4,1103812,1659850,attack,11,encoder_block_11,-0.10193943977355957,-2.6662158966064453,-2.5642764568328857
informationbaz_random_4,informationbaz,random,4,1103812,1659850,attack,12,encoder_block_12,-7.119894981384277,-22.523283004760742,-15.403388023376465
informationbaz_random_4,informationbaz,random,4,1106007,1334335,original,0,embedding,0.46302127838134766,-5.354620933532715,-5.8176422119140625
informationbaz_random_4,informationbaz,random,4,1106007,1334335,original,1,encoder_block_1,0.3073601722717285,-4.048766613006592,-4.35612678527832
informationbaz_random_4,informationbaz,random,4,1106007,1334335,original,2,encoder_block_2,0.327805757522583,-3.3524668216705322,-3.6802725791931152
informationbaz_random_4,informationbaz,random,4,1106007,1334335,original,3,encoder_block_3,-0.0557863712310791,-3.2927441596984863,-3.2369577884674072
informationbaz_random_4,informationbaz,random,4,1106007,1334335,original,4,encoder_block_4,-0.09567785263061523,-2.947727680206299,-2.8520498275756836
informationbaz_random_4,informationbaz,random,4,1106007,1334335,original,5,encoder_block_5,0.07538342475891113,-2.7640717029571533,-2.8394551277160645
informationbaz_random_4,informationbaz,random,4,1106007,1334335,original,6,encoder_block_6,0.25353550910949707,-2.5157978534698486,-2.7693333625793457
informationbaz_random_4,informationbaz,random,4,1106007,1334335,original,7,encoder_block_7,0.32805514335632324,-2.4985649585723877,-2.826620101928711
informationbaz_random_4,informationbaz,random,4,1106007,1334335,original,8,encoder_block_8,0.4010298252105713,-2.404022693634033,-2.8050525188446045
informationbaz_random_4,informationbaz,random,4,1106007,1334335,original,9,encoder_block_9,0.7389075756072998,-2.9901442527770996,-3.7290518283843994
informationbaz_random_4,informationbaz,random,4,1106007,1334335,original,10,encoder_block_10,1.1145381927490234,-3.291717529296875,-4.406255722045898
informationbaz_random_4,informationbaz,random,4,1106007,1334335,original,11,encoder_block_11,2.8617773056030273,-4.965187072753906,-7.826964378356934
informationbaz_random_4,informationbaz,random,4,1106007,1334335,original,12,encoder_block_12,5.731571197509766,-13.186319351196289,-18.917890548706055
informationbaz_random_4,informationbaz,random,4,1106007,1334335,padded_control,0,embedding,0.46302127838134766,-5.354621887207031,-5.817643165588379
informationbaz_random_4,informationbaz,random,4,1106007,1334335,padded_control,1,encoder_block_1,0.31653881072998047,-4.032684803009033,-4.349223613739014
informationbaz_random_4,informationbaz,random,4,1106007,1334335,padded_control,2,encoder_block_2,0.31196022033691406,-3.314148187637329,-3.626108407974243
informationbaz_random_4,informationbaz,random,4,1106007,1334335,padded_control,3,encoder_block_3,-0.09947896003723145,-3.3232362270355225,-3.223757266998291
informationbaz_random_4,informationbaz,random,4,1106007,1334335,padded_control,4,encoder_block_4,-0.11900067329406738,-2.957094669342041,-2.8380939960479736
informationbaz_random_4,informationbaz,random,4,1106007,1334335,padded_control,5,encoder_block_5,0.06988239288330078,-2.7855987548828125,-2.8554811477661133
informationbaz_random_4,informationbaz,random,4,1106007,1334335,padded_control,6,encoder_block_6,0.24658775329589844,-2.5419516563415527,-2.788539409637451
informationbaz_random_4,informationbaz,random,4,1106007,1334335,padded_control,7,encoder_block_7,0.3566148281097412,-2.4851977825164795,-2.8418126106262207
informationbaz_random_4,informationbaz,random,4,1106007,1334335,padded_control,8,encoder_block_8,0.42148518562316895,-2.381047487258911,-2.80253267288208
informationbaz_random_4,informationbaz,random,4,1106007,1334335,padded_control,9,encoder_block_9,0.748913049697876,-2.954324245452881,-3.703237295150757
informationbaz_random_4,informationbaz,random,4,1106007,1334335,padded_control,10,encoder_block_10,1.1018471717834473,-3.3028922080993652,-4.4047393798828125
informationbaz_random_4,informationbaz,random,4,1106007,1334335,padded_control,11,encoder_block_11,2.835949420928955,-4.748969554901123,-7.584918975830078
informationbaz_random_4,informationbaz,random,4,1106007,1334335,padded_control,12,encoder_block_12,5.739950180053711,-13.305082321166992,-19.045032501220703
informationbaz_random_4,informationbaz,random,4,1106007,1334335,attack,0,embedding,0.23873519897460938,-5.0787458419799805,-5.31748104095459
informationbaz_random_4,informationbaz,random,4,1106007,1334335,attack,1,encoder_block_1,0.27121543884277344,-3.956918716430664,-4.2281341552734375
informationbaz_random_4,informationbaz,random,4,1106007,1334335,attack,2,encoder_block_2,0.37491893768310547,-2.7401785850524902,-3.1150975227355957
informationbaz_random_4,informationbaz,random,4,1106007,1334335,attack,3,encoder_block_3,-0.02964639663696289,-2.3422346115112305,-2.3125882148742676
informationbaz_random_4,informationbaz,random,4,1106007,1334335,attack,4,encoder_block_4,-0.09164106845855713,-1.6719987392425537,-1.5803576707839966
informationbaz_random_4,informationbaz,random,4,1106007,1334335,attack,5,encoder_block_5,0.1701575517654419,-1.5423976182937622,-1.712555170059204
informationbaz_random_4,informationbaz,random,4,1106007,1334335,attack,6,encoder_block_6,0.30642449855804443,-1.5378700494766235,-1.844294548034668
informationbaz_random_4,informationbaz,random,4,1106007,1334335,attack,7,encoder_block_7,0.35351741313934326,-1.525546669960022,-1.8790640830993652
informationbaz_random_4,informationbaz,random,4,1106007,1334335,attack,8,encoder_block_8,0.47970664501190186,-1.5572649240493774,-2.0369715690612793
informationbaz_random_4,informationbaz,random,4,1106007,1334335,attack,9,encoder_block_9,0.9079079627990723,-2.315951108932495,-3.2238590717315674
informationbaz_random_4,informationbaz,random,4,1106007,1334335,attack,10,encoder_block_10,1.200526475906372,-2.7143373489379883,-3.9148638248443604
informationbaz_random_4,informationbaz,random,4,1106007,1334335,attack,11,encoder_block_11,2.5434491634368896,-3.3984720706939697,-5.941921234130859
informationbaz_random_4,informationbaz,random,4,1106007,1334335,attack,12,encoder_block_12,4.743222236633301,-9.69437026977539,-14.437592506408691
informationbaz_random_4,informationbaz,random,4,1110199,554521,original,0,embedding,0.7955269813537598,-6.311478614807129,-7.107005596160889
informationbaz_random_4,informationbaz,random,4,1110199,554521,original,1,encoder_block_1,1.0513067245483398,-5.990767478942871,-7.042074203491211
informationbaz_random_4,informationbaz,random,4,1110199,554521,original,2,encoder_block_2,1.4016799926757812,-5.8884477615356445,-7.290127754211426
informationbaz_random_4,informationbaz,random,4,1110199,554521,original,3,encoder_block_3,1.446484088897705,-4.420496463775635,-5.86698055267334
informationbaz_random_4,informationbaz,random,4,1110199,554521,original,4,encoder_block_4,1.5011777877807617,-3.8151187896728516,-5.316296577453613
informationbaz_random_4,informationbaz,random,4,1110199,554521,original,5,encoder_block_5,1.500760555267334,-3.171424388885498,-4.672184944152832
informationbaz_random_4,informationbaz,random,4,1110199,554521,original,6,encoder_block_6,1.4579405784606934,-2.773444652557373,-4.231385231018066
informationbaz_random_4,informationbaz,random,4,1110199,554521,original,7,encoder_block_7,1.479618787765503,-2.4702227115631104,-3.9498414993286133
informationbaz_random_4,informationbaz,random,4,1110199,554521,original,8,encoder_block_8,1.2807953357696533,-2.233353853225708,-3.5141491889953613
informationbaz_random_4,informationbaz,random,4,1110199,554521,original,9,encoder_block_9,1.0054948329925537,-1.634493350982666,-2.6399881839752197
informationbaz_random_4,informationbaz,random,4,1110199,554521,original,10,encoder_block_10,0.33974456787109375,-1.249369740486145,-1.5891143083572388
informationbaz_random_4,informationbaz,random,4,1110199,554521,original,11,encoder_block_11,-1.484497845172882,-1.1164132356643677,0.3680846095085144
informationbaz_random_4,informationbaz,random,4,1110199,554521,original,12,encoder_block_12,-12.087575912475586,-25.22410011291504,-13.136524200439453
informationbaz_random_4,informationbaz,random,4,1110199,554521,padded_control,0,embedding,0.795527458190918,-6.311478614807129,-7.107006072998047
informationbaz_random_4,informationbaz,random,4,1110199,554521,padded_control,1,encoder_block_1,1.0405983924865723,-5.991944789886475,-7.032543182373047
informationbaz_random_4,informationbaz,random,4,1110199,554521,padded_control,2,encoder_block_2,1.3905534744262695,-5.9099273681640625,-7.300480842590332
informationbaz_random_4,informationbaz,random,4,1110199,554521,padded_control,3,encoder_block_3,1.4279651641845703,-4.419893264770508,-5.847858428955078
informationbaz_random_4,informationbaz,random,4,1110199,554521,padded_control,4,encoder_block_4,1.4884138107299805,-3.8199715614318848,-5.308385372161865
informationbaz_random_4,informationbaz,random,4,1110199,554521,padded_control,5,encoder_block_5,1.4785881042480469,-3.163754940032959,-4.642343044281006
informationbaz_random_4,informationbaz,random,4,1110199,554521,padded_control,6,encoder_block_6,1.4362425804138184,-2.7536792755126953,-4.189921855926514
informationbaz_random_4,informationbaz,random,4,1110199,554521,padded_control,7,encoder_block_7,1.486804723739624,-2.4546926021575928,-3.941497325897217
informationbaz_random_4,informationbaz,random,4,1110199,554521,padded_control,8,encoder_block_8,1.2756142616271973,-2.2395553588867188,-3.515169620513916
informationbaz_random_4,informationbaz,random,4,1110199,554521,padded_control,9,encoder_block_9,1.0041859149932861,-1.6330540180206299,-2.637239933013916
informationbaz_random_4,informationbaz,random,4,1110199,554521,padded_control,10,encoder_block_10,0.2951035499572754,-1.200505018234253,-1.4956085681915283
informationbaz_random_4,informationbaz,random,4,1110199,554521,padded_control,11,encoder_block_11,-1.5745834708213806,-1.2263555526733398,0.34822791814804077
informationbaz_random_4,informationbaz,random,4,1110199,554521,padded_control,12,encoder_block_12,-12.15233039855957,-25.25099754333496,-13.09866714477539
informationbaz_random_4,informationbaz,random,4,1110199,554521,attack,0,embedding,0.6276998519897461,-6.327062606811523,-6.9547624588012695
informationbaz_random_4,informationbaz,random,4,1110199,554521,attack,1,encoder_block_1,0.8347420692443848,-5.5715484619140625,-6.406290531158447
informationbaz_random_4,informationbaz,random,4,1110199,554521,attack,2,encoder_block_2,1.0534000396728516,-5.252205848693848,-6.305605888366699
informationbaz_random_4,informationbaz,random,4,1110199,554521,attack,3,encoder_block_3,1.22157621383667,-3.866325855255127,-5.087902069091797
informationbaz_random_4,informationbaz,random,4,1110199,554521,attack,4,encoder_block_4,1.2765183448791504,-3.257730007171631,-4.534248352050781
informationbaz_random_4,informationbaz,random,4,1110199,554521,attack,5,encoder_block_5,1.3734314441680908,-2.6171677112579346,-3.9905991554260254
informationbaz_random_4,informationbaz,random,4,1110199,554521,attack,6,encoder_block_6,1.3800849914550781,-2.244452476501465,-3.624537467956543
informationbaz_random_4,informationbaz,random,4,1110199,554521,attack,7,encoder_block_7,1.4135801792144775,-2.0145657062530518,-3.4281458854675293
informationbaz_random_4,informationbaz,random,4,1110199,554521,attack,8,encoder_block_8,1.2951996326446533,-1.8116307258605957,-3.106830358505249
informationbaz_random_4,informationbaz,random,4,1110199,554521,attack,9,encoder_block_9,1.0445852279663086,-1.444345474243164,-2.4889307022094727
informationbaz_random_4,informationbaz,random,4,1110199,554521,attack,10,encoder_block_10,0.5243086814880371,-1.153935432434082,-1.6782441139221191
informationbaz_random_4,informationbaz,random,4,1110199,554521,attack,11,encoder_block_11,-1.4975334703922272,-1.268584966659546,0.22894850373268127
informationbaz_random_4,informationbaz,random,4,1110199,554521,attack,12,encoder_block_12,-12.683318138122559,-25.315767288208008,-12.63244915008545
informationbaz_random_4,informationbaz,random,4,1112341,6740558,original,0,embedding,0.8128347396850586,-3.1665024757385254,-3.979337215423584
informationbaz_random_4,informationbaz,random,4,1112341,6740558,original,1,encoder_block_1,1.231400966644287,-4.350093841552734,-5.5814948081970215
informationbaz_random_4,informationbaz,random,4,1112341,6740558,original,2,encoder_block_2,1.3019390106201172,-4.5712785720825195,-5.873217582702637
informationbaz_random_4,informationbaz,random,4,1112341,6740558,original,3,encoder_block_3,1.2713203430175781,-3.664473056793213,-4.935793399810791
informationbaz_random_4,informationbaz,random,4,1112341,6740558,original,4,encoder_block_4,1.3037638664245605,-3.005359172821045,-4.3091230392456055
informationbaz_random_4,informationbaz,random,4,1112341,6740558,original,5,encoder_block_5,1.2275257110595703,-3.121933937072754,-4.349459648132324
informationbaz_random_4,informationbaz,random,4,1112341,6740558,original,6,encoder_block_6,1.231743335723877,-2.4835805892944336,-3.7153239250183105
informationbaz_random_4,informationbaz,random,4,1112341,6740558,original,7,encoder_block_7,1.1494498252868652,-1.884958028793335,-3.0344078540802
informationbaz_random_4,informationbaz,random,4,1112341,6740558,original,8,encoder_block_8,1.2443883419036865,-1.8827929496765137,-3.1271812915802
informationbaz_random_4,informationbaz,random,4,1112341,6740558,original,9,encoder_block_9,1.2457361221313477,-1.4671673774719238,-2.7129034996032715
informationbaz_random_4,informationbaz,random,4,1112341,6740558,original,10,encoder_block_10,-0.5300271511077881,-2.129361629486084,-1.599334478378296
informationbaz_random_4,informationbaz,random,4,1112341,6740558,original,11,encoder_block_11,-5.415314674377441,-16.724990844726562,-11.309676170349121
informationbaz_random_4,informationbaz,random,4,1112341,6740558,original,12,encoder_block_12,-13.455179214477539,-24.86020278930664,-11.405023574829102
informationbaz_random_4,informationbaz,random,4,1112341,6740558,padded_control,0,embedding,0.8128347396850586,-3.1665029525756836,-3.979337692260742
informationbaz_random_4,informationbaz,random,4,1112341,6740558,padded_control,1,encoder_block_1,1.2205696105957031,-4.361112117767334,-5.581681728363037
informationbaz_random_4,informationbaz,random,4,1112341,6740558,padded_control,2,encoder_block_2,1.2906465530395508,-4.61738395690918,-5.9080305099487305
informationbaz_random_4,informationbaz,random,4,1112341,6740558,padded_control,3,encoder_block_3,1.2610583305358887,-3.7320828437805176,-4.993141174316406
informationbaz_random_4,informationbaz,random,4,1112341,6740558,padded_control,4,encoder_block_4,1.2902259826660156,-3.052518844604492,-4.342744827270508
informationbaz_random_4,informationbaz,random,4,1112341,6740558,padded_control,5,encoder_block_5,1.219109058380127,-3.1576733589172363,-4.376782417297363
informationbaz_random_4,informationbaz,random,4,1112341,6740558,padded_control,6,encoder_block_6,1.2215585708618164,-2.51682710647583,-3.7383856773376465
informationbaz_random_4,informationbaz,random,4,1112341,6740558,padded_control,7,encoder_block_7,1.1492853164672852,-1.9208664894104004,-3.0701518058776855
informationbaz_random_4,informationbaz,random,4,1112341,6740558,padded_control,8,encoder_block_8,1.2513723373413086,-1.8848803043365479,-3.1362526416778564
informationbaz_random_4,informationbaz,random,4,1112341,6740558,padded_control,9,encoder_block_9,1.2489314079284668,-1.4214930534362793,-2.670424461364746
informationbaz_random_4,informationbaz,random,4,1112341,6740558,padded_control,10,encoder_block_10,-0.5057222843170166,-2.0793397426605225,-1.5736174583435059
informationbaz_random_4,informationbaz,random,4,1112341,6740558,padded_control,11,encoder_block_11,-5.394831657409668,-16.684568405151367,-11.2897367477417
informationbaz_random_4,informationbaz,random,4,1112341,6740558,padded_control,12,encoder_block_12,-13.469354629516602,-24.915382385253906,-11.446027755737305
informationbaz_random_4,informationbaz,random,4,1112341,6740558,attack,0,embedding,0.6840848922729492,-3.1796748638153076,-3.863759756088257
informationbaz_random_4,informationbaz,random,4,1112341,6740558,attack,1,encoder_block_1,1.0749855041503906,-3.943362236022949,-5.01834774017334
informationbaz_random_4,informationbaz,random,4,1112341,6740558,attack,2,encoder_block_2,1.1196208000183105,-4.162458896636963,-5.282079696655273
informationbaz_random_4,informationbaz,random,4,1112341,6740558,attack,3,encoder_block_3,1.1689066886901855,-3.0412135124206543,-4.21012020111084
informationbaz_random_4,informationbaz,random,4,1112341,6740558,attack,4,encoder_block_4,1.1570022106170654,-2.1576921939849854,-3.314694404602051
informationbaz_random_4,informationbaz,random,4,1112341,6740558,attack,5,encoder_block_5,1.1993741989135742,-2.2931175231933594,-3.4924917221069336
informationbaz_random_4,informationbaz,random,4,1112341,6740558,attack,6,encoder_block_6,1.1830929517745972,-1.7109910249710083,-2.8940839767456055
informationbaz_random_4,informationbaz,random,4,1112341,6740558,attack,7,encoder_block_7,1.1151351928710938,-1.3263001441955566,-2.4414353370666504
informationbaz_random_4,informationbaz,random,4,1112341,6740558,attack,8,encoder_block_8,1.2294865846633911,-1.4227432012557983,-2.6522297859191895
informationbaz_random_4,informationbaz,random,4,1112341,6740558,attack,9,encoder_block_9,1.3044052124023438,-1.043806552886963,-2.3482117652893066
informationbaz_random_4,informationbaz,random,4,1112341,6740558,attack,10,encoder_block_10,-0.3628053665161133,-1.8602327108383179,-1.4974273443222046
informationbaz_random_4,informationbaz,random,4,1112341,6740558,attack,11,encoder_block_11,-5.129375457763672,-16.43145751953125,-11.302082061767578
informationbaz_random_4,informationbaz,random,4,1112341,6740558,attack,12,encoder_block_12,-13.39857006072998,-24.780689239501953,-11.382119178771973
informationbaz_random_4,informationbaz,random,4,1113437,8128798,original,0,embedding,0.7867050170898438,-4.087352752685547,-4.874057769775391
informationbaz_random_4,informationbaz,random,4,1113437,8128798,original,1,encoder_block_1,1.082113265991211,-4.807306289672852,-5.8894195556640625
informationbaz_random_4,informationbaz,random,4,1113437,8128798,original,2,encoder_block_2,1.5175361633300781,-4.384004592895508,-5.901540756225586
informationbaz_random_4,informationbaz,random,4,1113437,8128798,original,3,encoder_block_3,1.4747655391693115,-3.704261064529419,-5.1790266036987305
informationbaz_random_4,informationbaz,random,4,1113437,8128798,original,4,encoder_block_4,1.2543466091156006,-3.3449409008026123,-4.599287509918213
informationbaz_random_4,informationbaz,random,4,1113437,8128798,original,5,encoder_block_5,1.0670671463012695,-3.210773468017578,-4.277840614318848
informationbaz_random_4,informationbaz,random,4,1113437,8128798,original,6,encoder_block_6,1.0043258666992188,-3.4064207077026367,-4.4107465744018555
informationbaz_random_4,informationbaz,random,4,1113437,8128798,original,7,encoder_block_7,0.9781198501586914,-3.222060203552246,-4.2001800537109375
informationbaz_random_4,informationbaz,random,4,1113437,8128798,original,8,encoder_block_8,0.9105725288391113,-3.258726119995117,-4.1692986488342285
informationbaz_random_4,informationbaz,random,4,1113437,8128798,original,9,encoder_block_9,1.103043556213379,-2.698719024658203,-3.801762580871582
informationbaz_random_4,informationbaz,random,4,1113437,8128798,original,10,encoder_block_10,1.127180576324463,-3.1343913078308105,-4.261571884155273
informationbaz_random_4,informationbaz,random,4,1113437,8128798,original,11,encoder_block_11,1.8471105098724365,-2.83510422706604,-4.682214736938477
informationbaz_random_4,informationbaz,random,4,1113437,8128798,original,12,encoder_block_12,2.6073057651519775,-1.3232190608978271,-3.9305248260498047
informationbaz_random_4,informationbaz,random,4,1113437,8128798,padded_control,0,embedding,0.7867050170898438,-4.087353229522705,-4.874058246612549
informationbaz_random_4,informationbaz,random,4,1113437,8128798,padded_control,1,encoder_block_1,1.092414379119873,-4.799881458282471,-5.892295837402344
informationbaz_random_4,informationbaz,random,4,1113437,8128798,padded_control,2,encoder_block_2,1.5191597938537598,-4.3285627365112305,-5.84772253036499
informationbaz_random_4,informationbaz,random,4,1113437,8128798,padded_control,3,encoder_block_3,1.4616961479187012,-3.599640369415283,-5.061336517333984
informationbaz_random_4,informationbaz,random,4,1113437,8128798,padded_control,4,encoder_block_4,1.2310538291931152,-3.2450547218322754,-4.476108551025391
informationbaz_random_4,informationbaz,random,4,1113437,8128798,padded_control,5,encoder_block_5,1.0358688831329346,-3.1414172649383545,-4.177286148071289
informationbaz_random_4,informationbaz,random,4,1113437,8128798,padded_control,6,encoder_block_6,0.9868931770324707,-3.363248348236084,-4.350141525268555
informationbaz_random_4,informationbaz,random,4,1113437,8128798,padded_control,7,encoder_block_7,0.9681363105773926,-3.2141032218933105,-4.182239532470703
informationbaz_random_4,informationbaz,random,4,1113437,8128798,padded_control,8,encoder_block_8,0.92633056640625,-3.2255592346191406,-4.151889801025391
informationbaz_random_4,informationbaz,random,4,1113437,8128798,padded_control,9,encoder_block_9,1.117501974105835,-2.6603686809539795,-3.7778706550598145
informationbaz_random_4,informationbaz,random,4,1113437,8128798,padded_control,10,encoder_block_10,1.130253791809082,-3.0768260955810547,-4.207079887390137
informationbaz_random_4,informationbaz,random,4,1113437,8128798,padded_control,11,encoder_block_11,1.829329490661621,-2.8143134117126465,-4.643642902374268
informationbaz_random_4,informationbaz,random,4,1113437,8128798,padded_control,12,encoder_block_12,2.66588294506073,-1.3337823152542114,-3.9996652603149414
informationbaz_random_4,informationbaz,random,4,1113437,8128798,attack,0,embedding,0.3982725143432617,-4.43453311920166,-4.832805633544922
informationbaz_random_4,informationbaz,random,4,1113437,8128798,attack,1,encoder_block_1,0.6276097297668457,-4.788077354431152,-5.415687084197998
informationbaz_random_4,informationbaz,random,4,1113437,8128798,attack,2,encoder_block_2,1.0758018493652344,-3.936945915222168,-5.012747764587402
informationbaz_random_4,informationbaz,random,4,1113437,8128798,attack,3,encoder_block_3,1.165745735168457,-3.1055521965026855,-4.271297931671143
informationbaz_random_4,informationbaz,random,4,1113437,8128798,attack,4,encoder_block_4,0.981626033782959,-2.3427586555480957,-3.3243846893310547
informationbaz_random_4,informationbaz,random,4,1113437,8128798,attack,5,encoder_block_5,0.9635117053985596,-2.199488878250122,-3.1630005836486816
informationbaz_random_4,informationbaz,random,4,1113437,8128798,attack,6,encoder_block_6,1.0026977062225342,-2.2071311473846436,-3.2098288536071777
informationbaz_random_4,informationbaz,random,4,1113437,8128798,attack,7,encoder_block_7,1.038611650466919,-2.172252893447876,-3.210864543914795
informationbaz_random_4,informationbaz,random,4,1113437,8128798,attack,8,encoder_block_8,1.0730819702148438,-2.377457618713379,-3.4505395889282227
informationbaz_random_4,informationbaz,random,4,1113437,8128798,attack,9,encoder_block_9,1.1419947147369385,-2.1865179538726807,-3.328512668609619
informationbaz_random_4,informationbaz,random,4,1113437,8128798,attack,10,encoder_block_10,1.0446977615356445,-2.891018867492676,-3.9357166290283203
informationbaz_random_4,informationbaz,random,4,1113437,8128798,attack,11,encoder_block_11,1.5806527137756348,-2.59218168258667,-4.172834396362305
informationbaz_random_4,informationbaz,random,4,1113437,8128798,attack,12,encoder_block_12,0.5109614133834839,-0.18069005012512207,-0.691651463508606
informationbaz_random_4,informationbaz,random,4,1114646,771368,original,0,embedding,0.8991603851318359,-3.559929847717285,-4.459090232849121
informationbaz_random_4,informationbaz,random,4,1114646,771368,original,1,encoder_block_1,-0.21527314186096191,-3.8786184787750244,-3.6633453369140625
informationbaz_random_4,informationbaz,random,4,1114646,771368,original,2,encoder_block_2,-0.3260955810546875,-4.332917213439941,-4.006821632385254
informationbaz_random_4,informationbaz,random,4,1114646,771368,original,3,encoder_block_3,-0.3272824287414551,-4.004631996154785,-3.67734956741333
informationbaz_random_4,informationbaz,random,4,1114646,771368,original,4,encoder_block_4,-0.3945298194885254,-3.7714128494262695,-3.376883029937744
informationbaz_random_4,informationbaz,random,4,1114646,771368,original,5,encoder_block_5,-0.32730698585510254,-3.444143533706665,-3.1168365478515625
informationbaz_random_4,informationbaz,random,4,1114646,771368,original,6,encoder_block_6,-0.564227819442749,-3.4435276985168457,-2.8792998790740967
informationbaz_random_4,informationbaz,random,4,1114646,771368,original,7,encoder_block_7,-0.44460105895996094,-3.321091651916504,-2.876490592956543
informationbaz_random_4,informationbaz,random,4,1114646,771368,original,8,encoder_block_8,-0.4270515441894531,-3.5783042907714844,-3.1512527465820312
informationbaz_random_4,informationbaz,random,4,1114646,771368,original,9,encoder_block_9,-0.07815098762512207,-3.0840864181518555,-3.0059354305267334
informationbaz_random_4,informationbaz,random,4,1114646,771368,original,10,encoder_block_10,-0.363248348236084,-3.2263827323913574,-2.8631343841552734
informationbaz_random_4,informationbaz,random,4,1114646,771368,original,11,encoder_block_11,0.09720945358276367,-2.098956346511841,-2.1961658000946045
informationbaz_random_4,informationbaz,random,4,1114646,771368,original,12,encoder_block_12,-5.759502410888672,-19.821430206298828,-14.061927795410156
informationbaz_random_4,informationbaz,random,4,1114646,771368,padded_control,0,embedding,0.8991601467132568,-3.5599300861358643,-4.459090232849121
informationbaz_random_4,informationbaz,random,4,1114646,771368,padded_control,1,encoder_block_1,-0.20836496353149414,-3.8978779315948486,-3.6895129680633545
informationbaz_random_4,informationbaz,random,4,1114646,771368,padded_control,2,encoder_block_2,-0.302459716796875,-4.331961154937744,-4.029501438140869
informationbaz_random_4,informationbaz,random,4,1114646,771368,padded_control,3,encoder_block_3,-0.29398345947265625,-3.9835731983184814,-3.689589738845825
informationbaz_random_4,informationbaz,random,4,1114646,771368,padded_control,4,encoder_block_4,-0.3659019470214844,-3.75282621383667,-3.3869242668151855
informationbaz_random_4,informationbaz,random,4,1114646,771368,padded_control,5,encoder_block_5,-0.3069024085998535,-3.4282987117767334,-3.12139630317688
informationbaz_random_4,informationbaz,random,4,1114646,771368,padded_control,6,encoder_block_6,-0.5393612384796143,-3.4076099395751953,-2.868248701095581
informationbaz_random_4,informationbaz,random,4,1114646,771368,padded_control,7,encoder_block_7,-0.4062652587890625,-3.2693867683410645,-2.863121509552002
informationbaz_random_4,informationbaz,random,4,1114646,771368,padded_control,8,encoder_block_8,-0.37727928161621094,-3.5418739318847656,-3.1645946502685547
informationbaz_random_4,informationbaz,random,4,1114646,771368,padded_control,9,encoder_block_9,-0.03679466247558594,-3.051462173461914,-3.014667510986328
informationbaz_random_4,informationbaz,random,4,1114646,771368,padded_control,10,encoder_block_10,-0.31461119651794434,-3.162813901901245,-2.848202705383301
informationbaz_random_4,informationbaz,random,4,1114646,771368,padded_control,11,encoder_block_11,0.15601634979248047,-2.125033378601074,-2.2810497283935547
informationbaz_random_4,informationbaz,random,4,1114646,771368,padded_control,12,encoder_block_12,-5.386919975280762,-18.15172004699707,-12.764800071716309
informationbaz_random_4,informationbaz,random,4,1114646,771368,attack,0,embedding,0.5792267322540283,-3.769994020462036,-4.3492207527160645
informationbaz_random_4,informationbaz,random,4,1114646,771368,attack,1,encoder_block_1,-0.31023740768432617,-4.078899383544922,-3.7686619758605957
informationbaz_random_4,informationbaz,random,4,1114646,771368,attack,2,encoder_block_2,-0.44715285301208496,-3.913097858428955,-3.46594500541687
informationbaz_random_4,informationbaz,random,4,1114646,771368,attack,3,encoder_block_3,-0.35505151748657227,-3.373487949371338,-3.0184364318847656
informationbaz_random_4,informationbaz,random,4,1114646,771368,attack,4,encoder_block_4,-0.43482327461242676,-3.046337366104126,-2.611514091491699
informationbaz_random_4,informationbaz,random,4,1114646,771368,attack,5,encoder_block_5,-0.3813462257385254,-2.863572120666504,-2.4822258949279785
informationbaz_random_4,informationbaz,random,4,1114646,771368,attack,6,encoder_block_6,-0.5480060577392578,-2.739117383956909,-2.1911113262176514
informationbaz_random_4,informationbaz,random,4,1114646,771368,attack,7,encoder_block_7,-0.5114233493804932,-2.7086522579193115,-2.1972289085388184
informationbaz_random_4,informationbaz,random,4,1114646,771368,attack,8,encoder_block_8,-0.27716636657714844,-2.8115148544311523,-2.534348487854004
informationbaz_random_4,informationbaz,random,4,1114646,771368,attack,9,encoder_block_9,0.06771731376647949,-2.470276355743408,-2.5379936695098877
informationbaz_random_4,informationbaz,random,4,1114646,771368,attack,10,encoder_block_10,-0.2812972068786621,-2.7570414543151855,-2.4757442474365234
informationbaz_random_4,informationbaz,random,4,1114646,771368,attack,11,encoder_block_11,-0.07318425178527832,-1.7814559936523438,-1.7082717418670654
informationbaz_random_4,informationbaz,random,4,1114646,771368,attack,12,encoder_block_12,-6.223894119262695,-21.197961807250977,-14.974067687988281
informationbaz_random_4,informationbaz,random,4,1114819,4890560,original,0,embedding,0.45333385467529297,-4.152350902557373,-4.605684757232666
informationbaz_random_4,informationbaz,random,4,1114819,4890560,original,1,encoder_block_1,0.5171561241149902,-4.283591270446777,-4.800747394561768
informationbaz_random_4,informationbaz,random,4,1114819,4890560,original,2,encoder_block_2,0.8233966827392578,-4.505284309387207,-5.328680992126465
informationbaz_random_4,informationbaz,random,4,1114819,4890560,original,3,encoder_block_3,0.8937191963195801,-3.9576334953308105,-4.851352691650391
informationbaz_random_4,informationbaz,random,4,1114819,4890560,original,4,encoder_block_4,0.6585564613342285,-3.729788303375244,-4.388344764709473
informationbaz_random_4,informationbaz,random,4,1114819,4890560,original,5,encoder_block_5,0.5514228343963623,-3.742936849594116,-4.2943596839904785
informationbaz_random_4,informationbaz,random,4,1114819,4890560,original,6,encoder_block_6,0.5663638114929199,-3.7163519859313965,-4.282715797424316
informationbaz_random_4,informationbaz,random,4,1114819,4890560,original,7,encoder_block_7,0.6742615699768066,-3.738161563873291,-4.412423133850098
informationbaz_random_4,informationbaz,random,4,1114819,4890560,original,8,encoder_block_8,0.9947500228881836,-4.019250392913818,-5.014000415802002
informationbaz_random_4,informationbaz,random,4,1114819,4890560,original,9,encoder_block_9,1.2763137817382812,-3.9239468574523926,-5.200260639190674
informationbaz_random_4,informationbaz,random,4,1114819,4890560,original,10,encoder_block_10,1.5079107284545898,-4.08754825592041,-5.595458984375
informationbaz_random_4,informationbaz,random,4,1114819,4890560,original,11,encoder_block_11,3.185642719268799,-6.52254056930542,-9.708183288574219
informationbaz_random_4,informationbaz,random,4,1114819,4890560,original,12,encoder_block_12,5.389177322387695,-12.707136154174805,-18.0963134765625
informationbaz_random_4,informationbaz,random,4,1114819,4890560,padded_control,0,embedding,0.45333385467529297,-4.152349948883057,-4.60568380355835
informationbaz_random_4,informationbaz,random,4,1114819,4890560,padded_control,1,encoder_block_1,0.5315861701965332,-4.338273525238037,-4.86985969543457
informationbaz_random_4,informationbaz,random,4,1114819,4890560,padded_control,2,encoder_block_2,0.8270092010498047,-4.561981201171875,-5.38899040222168
informationbaz_random_4,informationbaz,random,4,1114819,4890560,padded_control,3,encoder_block_3,0.9152770042419434,-3.99221134185791,-4.9074883460998535
informationbaz_random_4,informationbaz,random,4,1114819,4890560,padded_control,4,encoder_block_4,0.6758260726928711,-3.7878217697143555,-4.463647842407227
informationbaz_random_4,informationbaz,random,4,1114819,4890560,padded_control,5,encoder_block_5,0.5751605033874512,-3.7937350273132324,-4.368895530700684
informationbaz_random_4,informationbaz,random,4,1114819,4890560,padded_control,6,encoder_block_6,0.5861067771911621,-3.7742257118225098,-4.360332489013672
informationbaz_random_4,informationbaz,random,4,1114819,4890560,padded_control,7,encoder_block_7,0.7075433731079102,-3.7534451484680176,-4.460988521575928
informationbaz_random_4,informationbaz,random,4,1114819,4890560,padded_control,8,encoder_block_8,1.0208067893981934,-4.0808024406433105,-5.101609230041504
informationbaz_random_4,informationbaz,random,4,1114819,4890560,padded_control,9,encoder_block_9,1.2810146808624268,-3.9593899250030518,-5.2404046058654785
informationbaz_random_4,informationbaz,random,4,1114819,4890560,padded_control,10,encoder_block_10,1.5356431007385254,-4.165931701660156,-5.701574802398682
informationbaz_random_4,informationbaz,random,4,1114819,4890560,padded_control,11,encoder_block_11,3.2328262329101562,-6.652370452880859,-9.885196685791016
informationbaz_random_4,informationbaz,random,4,1114819,4890560,padded_control,12,encoder_block_12,5.547794342041016,-13.267183303833008,-18.814977645874023
informationbaz_random_4,informationbaz,random,4,1114819,4890560,attack,0,embedding,0.1397404670715332,-4.228450775146484,-4.368191242218018
informationbaz_random_4,informationbaz,random,4,1114819,4890560,attack,1,encoder_block_1,0.37340688705444336,-4.508231163024902,-4.881638050079346
informationbaz_random_4,informationbaz,random,4,1114819,4890560,attack,2,encoder_block_2,0.7008156776428223,-4.306709289550781,-5.0075249671936035
informationbaz_random_4,informationbaz,random,4,1114819,4890560,attack,3,encoder_block_3,0.7431037425994873,-3.5939767360687256,-4.337080478668213
informationbaz_random_4,informationbaz,random,4,1114819,4890560,attack,4,encoder_block_4,0.4937732219696045,-2.9958977699279785,-3.489670991897583
informationbaz_random_4,informationbaz,random,4,1114819,4890560,attack,5,encoder_block_5,0.47839903831481934,-3.135894775390625,-3.6142938137054443
informationbaz_random_4,informationbaz,random,4,1114819,4890560,attack,6,encoder_block_6,0.46190500259399414,-3.247954845428467,-3.709859848022461
informationbaz_random_4,informationbaz,random,4,1114819,4890560,attack,7,encoder_block_7,0.5026934146881104,-3.189415693283081,-3.6921091079711914
informationbaz_random_4,informationbaz,random,4,1114819,4890560,attack,8,encoder_block_8,0.9030373096466064,-3.3188345432281494,-4.221871852874756
informationbaz_random_4,informationbaz,random,4,1114819,4890560,attack,9,encoder_block_9,1.234415054321289,-3.4619903564453125,-4.696405410766602
informationbaz_random_4,informationbaz,random,4,1114819,4890560,attack,10,encoder_block_10,1.4929697513580322,-3.6688668727874756,-5.161836624145508
informationbaz_random_4,informationbaz,random,4,1114819,4890560,attack,11,encoder_block_11,3.085207939147949,-5.796655654907227,-8.881863594055176
informationbaz_random_4,informationbaz,random,4,1114819,4890560,attack,12,encoder_block_12,5.4130401611328125,-12.56076431274414,-17.973804473876953
informationbaz_random_4,informationbaz,random,4,1115776,8106318,original,0,embedding,0.4300417900085449,-5.124867916107178,-5.554909706115723
informationbaz_random_4,informationbaz,random,4,1115776,8106318,original,1,encoder_block_1,0.502161979675293,-4.335843563079834,-4.838005542755127
informationbaz_random_4,informationbaz,random,4,1115776,8106318,original,2,encoder_block_2,0.6687197685241699,-4.110357761383057,-4.779077529907227
informationbaz_random_4,informationbaz,random,4,1115776,8106318,original,3,encoder_block_3,0.8330013751983643,-2.9947333335876465,-3.8277347087860107
informationbaz_random_4,informationbaz,random,4,1115776,8106318,original,4,encoder_block_4,0.862576961517334,-2.8249588012695312,-3.6875357627868652
informationbaz_random_4,informationbaz,random,4,1115776,8106318,original,5,encoder_block_5,0.6732587814331055,-2.3928544521331787,-3.066113233566284
informationbaz_random_4,informationbaz,random,4,1115776,8106318,original,6,encoder_block_6,0.6080319881439209,-2.325817346572876,-2.933849334716797
informationbaz_random_4,informationbaz,random,4,1115776,8106318,original,7,encoder_block_7,0.5627334117889404,-2.3832359313964844,-2.945969343185425
informationbaz_random_4,informationbaz,random,4,1115776,8106318,original,8,encoder_block_8,0.5992584228515625,-2.475203037261963,-3.0744614601135254
informationbaz_random_4,informationbaz,random,4,1115776,8106318,original,9,encoder_block_9,0.4895627498626709,-2.114776372909546,-2.604339122772217
informationbaz_random_4,informationbaz,random,4,1115776,8106318,original,10,encoder_block_10,-0.3291569948196411,-2.0805459022521973,-1.7513889074325562
informationbaz_random_4,informationbaz,random,4,1115776,8106318,original,11,encoder_block_11,-0.37360429763793945,-1.7802479267120361,-1.4066436290740967
informationbaz_random_4,informationbaz,random,4,1115776,8106318,original,12,encoder_block_12,-3.873445987701416,-8.958285331726074,-5.084839344024658
informationbaz_random_4,informationbaz,random,4,1115776,8106318,padded_control,0,embedding,0.43004274368286133,-5.124866962432861,-5.554909706115723
informationbaz_random_4,informationbaz,random,4,1115776,8106318,padded_control,1,encoder_block_1,0.5143508911132812,-4.31007194519043,-4.824422836303711
informationbaz_random_4,informationbaz,random,4,1115776,8106318,padded_control,2,encoder_block_2,0.6854596138000488,-4.068253993988037,-4.753713607788086
informationbaz_random_4,informationbaz,random,4,1115776,8106318,padded_control,3,encoder_block_3,0.8309469223022461,-2.9883251190185547,-3.819272041320801
informationbaz_random_4,informationbaz,random,4,1115776,8106318,padded_control,4,encoder_block_4,0.8587980270385742,-2.79193115234375,-3.650729179382324
informationbaz_random_4,informationbaz,random,4,1115776,8106318,padded_control,5,encoder_block_5,0.6681301593780518,-2.3630752563476562,-3.031205415725708
informationbaz_random_4,informationbaz,random,4,1115776,8106318,padded_control,6,encoder_block_6,0.6006655693054199,-2.29128360748291,-2.89194917678833
informationbaz_random_4,informationbaz,random,4,1115776,8106318,padded_control,7,encoder_block_7,0.5585095882415771,-2.369877576828003,-2.92838716506958
informationbaz_random_4,informationbaz,random,4,1115776,8106318,padded_control,8,encoder_block_8,0.5964491367340088,-2.5111305713653564,-3.1075797080993652
informationbaz_random_4,informationbaz,random,4,1115776,8106318,padded_control,9,encoder_block_9,0.49686670303344727,-2.1286518573760986,-2.625518560409546
informationbaz_random_4,informationbaz,random,4,1115776,8106318,padded_control,10,encoder_block_10,-0.31206488609313965,-2.0961780548095703,-1.7841131687164307
informationbaz_random_4,informationbaz,random,4,1115776,8106318,padded_control,11,encoder_block_11,-0.340021014213562,-1.8085299730300903,-1.4685089588165283
informationbaz_random_4,informationbaz,random,4,1115776,8106318,padded_control,12,encoder_block_12,-3.810800075531006,-8.840459823608398,-5.029659748077393
informationbaz_random_4,informationbaz,random,4,1115776,8106318,attack,0,embedding,0.20296812057495117,-4.954361915588379,-5.15733003616333
informationbaz_random_4,informationbaz,random,4,1115776,8106318,attack,1,encoder_block_1,0.39638733863830566,-3.969197988510132,-4.3655853271484375
informationbaz_random_4,informationbaz,random,4,1115776,8106318,attack,2,encoder_block_2,0.5503644943237305,-3.4171814918518066,-3.967545986175537
informationbaz_random_4,informationbaz,random,4,1115776,8106318,attack,3,encoder_block_3,0.7780675888061523,-2.7141928672790527,-3.492260456085205
informationbaz_random_4,informationbaz,random,4,1115776,8106318,attack,4,encoder_block_4,0.8256635665893555,-2.1375555992126465,-2.963219165802002
informationbaz_random_4,informationbaz,random,4,1115776,8106318,attack,5,encoder_block_5,0.6722502708435059,-1.8915185928344727,-2.5637688636779785
informationbaz_random_4,informationbaz,random,4,1115776,8106318,attack,6,encoder_block_6,0.566293478012085,-1.7313780784606934,-2.2976715564727783
informationbaz_random_4,informationbaz,random,4,1115776,8106318,attack,7,encoder_block_7,0.558199405670166,-1.7432618141174316,-2.3014612197875977
informationbaz_random_4,informationbaz,random,4,1115776,8106318,attack,8,encoder_block_8,0.6386162042617798,-1.8074206113815308,-2.4460368156433105
informationbaz_random_4,informationbaz,random,4,1115776,8106318,attack,9,encoder_block_9,0.6039721965789795,-1.5483522415161133,-2.1523244380950928
informationbaz_random_4,informationbaz,random,4,1115776,8106318,attack,10,encoder_block_10,-0.22118878364562988,-1.4873249530792236,-1.2661361694335938
informationbaz_random_4,informationbaz,random,4,1115776,8106318,attack,11,encoder_block_11,-0.697114109992981,-1.668203592300415,-0.9710894823074341
informationbaz_random_4,informationbaz,random,4,1115776,8106318,attack,12,encoder_block_12,-7.135143280029297,-22.746671676635742,-15.611528396606445
informationbaz_random_4,informationbaz,random,4,1117099,1798620,original,0,embedding,-0.12114906311035156,-7.253986358642578,-7.132837295532227
informationbaz_random_4,informationbaz,random,4,1117099,1798620,original,1,encoder_block_1,-0.08167505264282227,-7.169734001159668,-7.088058948516846
informationbaz_random_4,informationbaz,random,4,1117099,1798620,original,2,encoder_block_2,0.19765615463256836,-6.3587164878845215,-6.55637264251709
informationbaz_random_4,informationbaz,random,4,1117099,1798620,original,3,encoder_block_3,0.35607290267944336,-5.446924686431885,-5.802997589111328
informationbaz_random_4,informationbaz,random,4,1117099,1798620,original,4,encoder_block_4,0.4609498977661133,-4.5205535888671875,-4.981503486633301
informationbaz_random_4,informationbaz,random,4,1117099,1798620,original,5,encoder_block_5,0.44541049003601074,-3.9862935543060303,-4.431704044342041
informationbaz_random_4,informationbaz,random,4,1117099,1798620,original,6,encoder_block_6,0.2973945140838623,-3.3627490997314453,-3.6601436138153076
informationbaz_random_4,informationbaz,random,4,1117099,1798620,original,7,encoder_block_7,0.1617908477783203,-3.276952028274536,-3.4387428760528564
informationbaz_random_4,informationbaz,random,4,1117099,1798620,original,8,encoder_block_8,0.18239402770996094,-3.3685994148254395,-3.5509934425354004
informationbaz_random_4,informationbaz,random,4,1117099,1798620,original,9,encoder_block_9,0.4112563133239746,-3.1915135383605957,-3.6027698516845703
informationbaz_random_4,informationbaz,random,4,1117099,1798620,original,10,encoder_block_10,0.5146245956420898,-3.0305919647216797,-3.5452165603637695
informationbaz_random_4,informationbaz,random,4,1117099,1798620,original,11,encoder_block_11,1.436370611190796,-1.9300434589385986,-3.3664140701293945
informationbaz_random_4,informationbaz,random,4,1117099,1798620,original,12,encoder_block_12,1.5566261410713196,0.5291029810905457,-1.027523159980774
informationbaz_random_4,informationbaz,random,4,1117099,1798620,padded_control,0,embedding,-0.12114953994750977,-7.253986358642578,-7.132836818695068
informationbaz_random_4,informationbaz,random,4,1117099,1798620,padded_control,1,encoder_block_1,-0.0688467025756836,-7.189385414123535,-7.120538711547852
informationbaz_random_4,informationbaz,random,4,1117099,1798620,padded_control,2,encoder_block_2,0.21465778350830078,-6.402073860168457,-6.616731643676758
informationbaz_random_4,informationbaz,random,4,1117099,1798620,padded_control,3,encoder_block_3,0.36907005310058594,-5.457569122314453,-5.826639175415039
informationbaz_random_4,informationbaz,random,4,1117099,1798620,padded_control,4,encoder_block_4,0.4672670364379883,-4.537415504455566,-5.004682540893555
informationbaz_random_4,informationbaz,random,4,1117099,1798620,padded_control,5,encoder_block_5,0.4556694030761719,-3.998838424682617,-4.454507827758789
informationbaz_random_4,informationbaz,random,4,1117099,1798620,padded_control,6,encoder_block_6,0.3086230754852295,-3.359032392501831,-3.6676554679870605
informationbaz_random_4,informationbaz,random,4,1117099,1798620,padded_control,7,encoder_block_7,0.16388154029846191,-3.297619342803955,-3.461500883102417
informationbaz_random_4,informationbaz,random,4,1117099,1798620,padded_control,8,encoder_block_8,0.18219351768493652,-3.363905906677246,-3.5460994243621826
informationbaz_random_4,informationbaz,random,4,1117099,1798620,padded_control,9,encoder_block_9,0.39874744415283203,-3.156069278717041,-3.554816722869873
informationbaz_random_4,informationbaz,random,4,1117099,1798620,padded_control,10,encoder_block_10,0.49114990234375,-2.9824776649475098,-3.4736275672912598
informationbaz_random_4,informationbaz,random,4,1117099,1798620,padded_control,11,encoder_block_11,1.4120900630950928,-1.856154203414917,-3.2682442665100098
informationbaz_random_4,informationbaz,random,4,1117099,1798620,padded_control,12,encoder_block_12,1.5407119393348694,0.5430415868759155,-0.9976703524589539
informationbaz_random_4,informationbaz,random,4,1117099,1798620,attack,0,embedding,-0.21111011505126953,-7.248265266418457,-7.0371551513671875
informationbaz_random_4,informationbaz,random,4,1117099,1798620,attack,1,encoder_block_1,0.011220455169677734,-6.613841533660889,-6.625061988830566
informationbaz_random_4,informationbaz,random,4,1117099,1798620,attack,2,encoder_block_2,0.13257408142089844,-5.7544708251953125,-5.887044906616211
informationbaz_random_4,informationbaz,random,4,1117099,1798620,attack,3,encoder_block_3,0.3080143928527832,-4.752666473388672,-5.060680866241455
informationbaz_random_4,informationbaz,random,4,1117099,1798620,attack,4,encoder_block_4,0.38982129096984863,-3.6710922718048096,-4.060913562774658
informationbaz_random_4,informationbaz,random,4,1117099,1798620,attack,5,encoder_block_5,0.38455963134765625,-3.2334108352661133,-3.6179704666137695
informationbaz_random_4,informationbaz,random,4,1117099,1798620,attack,6,encoder_block_6,0.2427840232849121,-2.6088385581970215,-2.8516225814819336
informationbaz_random_4,informationbaz,random,4,1117099,1798620,attack,7,encoder_block_7,0.12868475914001465,-2.634557008743286,-2.763241767883301
informationbaz_random_4,informationbaz,random,4,1117099,1798620,attack,8,encoder_block_8,0.16258025169372559,-2.8422365188598633,-3.004816770553589
informationbaz_random_4,informationbaz,random,4,1117099,1798620,attack,9,encoder_block_9,0.3705282211303711,-2.7951478958129883,-3.1656761169433594
informationbaz_random_4,informationbaz,random,4,1117099,1798620,attack,10,encoder_block_10,0.4518930912017822,-2.7830052375793457,-3.234898328781128
informationbaz_random_4,informationbaz,random,4,1117099,1798620,attack,11,encoder_block_11,1.308458924293518,-1.7632704973220825,-3.0717294216156006
informationbaz_random_4,informationbaz,random,4,1117099,1798620,attack,12,encoder_block_12,1.2069168090820312,0.6972877383232117,-0.5096290707588196
informationbaz_random_4,informationbaz,random,4,1121402,188213,original,0,embedding,0.8888998031616211,-4.481681823730469,-5.37058162689209
informationbaz_random_4,informationbaz,random,4,1121402,188213,original,1,encoder_block_1,0.5044467449188232,-3.8577873706817627,-4.362234115600586
informationbaz_random_4,informationbaz,random,4,1121402,188213,original,2,encoder_block_2,0.639972448348999,-3.7913906574249268,-4.431363105773926
informationbaz_random_4,informationbaz,random,4,1121402,188213,original,3,encoder_block_3,0.7044320106506348,-3.509326934814453,-4.213758945465088
informationbaz_random_4,informationbaz,random,4,1121402,188213,original,4,encoder_block_4,0.7869665622711182,-3.3782851696014404,-4.165251731872559
informationbaz_random_4,informationbaz,random,4,1121402,188213,original,5,encoder_block_5,0.8197591304779053,-3.4978063106536865,-4.317565441131592
informationbaz_random_4,informationbaz,random,4,1121402,188213,original,6,encoder_block_6,0.8877537250518799,-3.486849069595337,-4.374602794647217
informationbaz_random_4,informationbaz,random,4,1121402,188213,original,7,encoder_block_7,0.9868974685668945,-3.8091464042663574,-4.796043872833252
informationbaz_random_4,informationbaz,random,4,1121402,188213,original,8,encoder_block_8,1.233314037322998,-3.8211140632629395,-5.0544281005859375
informationbaz_random_4,informationbaz,random,4,1121402,188213,original,9,encoder_block_9,1.2798562049865723,-3.5875887870788574,-4.86744499206543
informationbaz_random_4,informationbaz,random,4,1121402,188213,original,10,encoder_block_10,1.5612616539001465,-4.149641990661621,-5.710903644561768
informationbaz_random_4,informationbaz,random,4,1121402,188213,original,11,encoder_block_11,3.2060556411743164,-6.176541328430176,-9.382596969604492
informationbaz_random_4,informationbaz,random,4,1121402,188213,original,12,encoder_block_12,5.673476219177246,-12.998238563537598,-18.671714782714844
informationbaz_random_4,informationbaz,random,4,1121402,188213,padded_control,0,embedding,0.8889002799987793,-4.481680870056152,-5.370581150054932
informationbaz_random_4,informationbaz,random,4,1121402,188213,padded_control,1,encoder_block_1,0.5066227912902832,-3.8683066368103027,-4.374929428100586
informationbaz_random_4,informationbaz,random,4,1121402,188213,padded_control,2,encoder_block_2,0.6495504379272461,-3.803128719329834,-4.45267915725708
informationbaz_random_4,informationbaz,random,4,1121402,188213,padded_control,3,encoder_block_3,0.7122721672058105,-3.518571376800537,-4.230843544006348
informationbaz_random_4,informationbaz,random,4,1121402,188213,padded_control,4,encoder_block_4,0.7867074012756348,-3.4038338661193848,-4.1905412673950195
informationbaz_random_4,informationbaz,random,4,1121402,188213,padded_control,5,encoder_block_5,0.8257062435150146,-3.483283281326294,-4.308989524841309
informationbaz_random_4,informationbaz,random,4,1121402,188213,padded_control,6,encoder_block_6,0.8929600715637207,-3.5009713172912598,-4.3939313888549805
informationbaz_random_4,informationbaz,random,4,1121402,188213,padded_control,7,encoder_block_7,0.983161449432373,-3.8453221321105957,-4.828483581542969
informationbaz_random_4,informationbaz,random,4,1121402,188213,padded_control,8,encoder_block_8,1.235142707824707,-3.848759651184082,-5.083902359008789
informationbaz_random_4,informationbaz,random,4,1121402,188213,padded_control,9,encoder_block_9,1.2796454429626465,-3.5994620323181152,-4.879107475280762
informationbaz_random_4,informationbaz,random,4,1121402,188213,padded_control,10,encoder_block_10,1.5882253646850586,-4.185616493225098,-5.773841857910156
informationbaz_random_4,informationbaz,random,4,1121402,188213,padded_control,11,encoder_block_11,3.202752113342285,-6.135711669921875,-9.33846378326416
informationbaz_random_4,informationbaz,random,4,1121402,188213,padded_control,12,encoder_block_12,5.636387825012207,-12.893988609313965,-18.530376434326172
informationbaz_random_4,informationbaz,random,4,1121402,188213,attack,0,embedding,0.6187210083007812,-4.775033950805664,-5.393754959106445
informationbaz_random_4,informationbaz,random,4,1121402,188213,attack,1,encoder_block_1,0.3091416358947754,-4.212883472442627,-4.522025108337402
informationbaz_random_4,informationbaz,random,4,1121402,188213,attack,2,encoder_block_2,0.4533545970916748,-3.882004976272583,-4.335359573364258
informationbaz_random_4,informationbaz,random,4,1121402,188213,attack,3,encoder_block_3,0.6050662994384766,-3.291724920272827,-3.8967912197113037
informationbaz_random_4,informationbaz,random,4,1121402,188213,attack,4,encoder_block_4,0.6488156318664551,-2.947230815887451,-3.5960464477539062
informationbaz_random_4,informationbaz,random,4,1121402,188213,attack,5,encoder_block_5,0.7337970733642578,-3.0752859115600586,-3.8090829849243164
informationbaz_random_4,informationbaz,random,4,1121402,188213,attack,6,encoder_block_6,0.7597811222076416,-2.9774329662323,-3.7372140884399414
informationbaz_random_4,informationbaz,random,4,1121402,188213,attack,7,encoder_block_7,0.8096022605895996,-3.302720069885254,-4.1123223304748535
informationbaz_random_4,informationbaz,random,4,1121402,188213,attack,8,encoder_block_8,1.0870909690856934,-3.1701760292053223,-4.257266998291016
informationbaz_random_4,informationbaz,random,4,1121402,188213,attack,9,encoder_block_9,1.18520188331604,-3.2732675075531006,-4.458469390869141
informationbaz_random_4,informationbaz,random,4,1121402,188213,attack,10,encoder_block_10,1.419114112854004,-3.815535068511963,-5.234649181365967
informationbaz_random_4,informationbaz,random,4,1121402,188213,attack,11,encoder_block_11,2.989408493041992,-5.563973426818848,-8.55338191986084
informationbaz_random_4,informationbaz,random,4,1121402,188213,attack,12,encoder_block_12,5.300297737121582,-11.6957426071167,-16.99604034423828
informationbaz_random_4,informationbaz,random,4,1121709,4965913,original,0,embedding,0.8041567802429199,-3.1995668411254883,-4.003723621368408
informationbaz_random_4,informationbaz,random,4,1121709,4965913,original,1,encoder_block_1,0.7356715202331543,-4.262293815612793,-4.997965335845947
informationbaz_random_4,informationbaz,random,4,1121709,4965913,original,2,encoder_block_2,0.9515345096588135,-3.5150134563446045,-4.466547966003418
informationbaz_random_4,informationbaz,random,4,1121709,4965913,original,3,encoder_block_3,0.9222359657287598,-2.811072826385498,-3.733308792114258
informationbaz_random_4,informationbaz,random,4,1121709,4965913,original,4,encoder_block_4,1.121793270111084,-2.1983840465545654,-3.3201773166656494
informationbaz_random_4,informationbaz,random,4,1121709,4965913,original,5,encoder_block_5,0.9158687591552734,-1.9877228736877441,-2.9035916328430176
informationbaz_random_4,informationbaz,random,4,1121709,4965913,original,6,encoder_block_6,0.9815237522125244,-1.6378002166748047,-2.619323968887329
informationbaz_random_4,informationbaz,random,4,1121709,4965913,original,7,encoder_block_7,0.7581958770751953,-1.6995253562927246,-2.45772123336792
informationbaz_random_4,informationbaz,random,4,1121709,4965913,original,8,encoder_block_8,0.6804499626159668,-1.439497947692871,-2.119947910308838
informationbaz_random_4,informationbaz,random,4,1121709,4965913,original,9,encoder_block_9,0.7687574625015259,-0.6580570936203003,-1.4268145561218262
informationbaz_random_4,informationbaz,random,4,1121709,4965913,original,10,encoder_block_10,-0.2624013423919678,-0.7498515844345093,-0.4874502420425415
informationbaz_random_4,informationbaz,random,4,1121709,4965913,original,11,encoder_block_11,-3.231502056121826,-5.237334728240967,-2.0058326721191406
informationbaz_random_4,informationbaz,random,4,1121709,4965913,original,12,encoder_block_12,-13.548770904541016,-24.64322280883789,-11.094451904296875
informationbaz_random_4,informationbaz,random,4,1121709,4965913,padded_control,0,embedding,0.8041558265686035,-3.1995673179626465,-4.00372314453125
informationbaz_random_4,informationbaz,random,4,1121709,4965913,padded_control,1,encoder_block_1,0.7422022819519043,-4.268406867980957,-5.010609149932861
informationbaz_random_4,informationbaz,random,4,1121709,4965913,padded_control,2,encoder_block_2,0.9643111228942871,-3.507096767425537,-4.471407890319824
informationbaz_random_4,informationbaz,random,4,1121709,4965913,padded_control,3,encoder_block_3,0.9334917068481445,-2.7855401039123535,-3.719031810760498
informationbaz_random_4,informationbaz,random,4,1121709,4965913,padded_control,4,encoder_block_4,1.1313941478729248,-2.156078577041626,-3.287472724914551
informationbaz_random_4,informationbaz,random,4,1121709,4965913,padded_control,5,encoder_block_5,0.9173706769943237,-1.9248844385147095,-2.842255115509033
informationbaz_random_4,informationbaz,random,4,1121709,4965913,padded_control,6,encoder_block_6,0.9800558090209961,-1.6475846767425537,-2.62764048576355
informationbaz_random_4,informationbaz,random,4,1121709,4965913,padded_control,7,encoder_block_7,0.7415370941162109,-1.7434921264648438,-2.4850292205810547
informationbaz_random_4,informationbaz,random,4,1121709,4965913,padded_control,8,encoder_block_8,0.6786583662033081,-1.470272183418274,-2.148930549621582
informationbaz_random_4,informationbaz,random,4,1121709,4965913,padded_control,9,encoder_block_9,0.7675797939300537,-0.6499323844909668,-1.4175121784210205
informationbaz_random_4,informationbaz,random,4,1121709,4965913,padded_control,10,encoder_block_10,-0.3418983519077301,-0.7965443730354309,-0.4546460211277008
informationbaz_random_4,informationbaz,random,4,1121709,4965913,padded_control,11,encoder_block_11,-3.6138956546783447,-6.885883808135986,-3.2719881534576416
informationbaz_random_4,informationbaz,random,4,1121709,4965913,padded_control,12,encoder_block_12,-13.667818069458008,-24.665376663208008,-10.99755859375
informationbaz_random_4,informationbaz,random,4,1121709,4965913,attack,0,embedding,0.6387789249420166,-3.336306095123291,-3.9750850200653076
informationbaz_random_4,informationbaz,random,4,1121709,4965913,attack,1,encoder_block_1,0.5978546142578125,-4.2285966873168945,-4.826451301574707
informationbaz_random_4,informationbaz,random,4,1121709,4965913,attack,2,encoder_block_2,0.8208556175231934,-3.377535343170166,-4.198390960693359
informationbaz_random_4,informationbaz,random,4,1121709,4965913,attack,3,encoder_block_3,0.8495593070983887,-2.5963215827941895,-3.445880889892578
informationbaz_random_4,informationbaz,random,4,1121709,4965913,attack,4,encoder_block_4,1.0841056108474731,-1.739585041999817,-2.82369065284729
informationbaz_random_4,informationbaz,random,4,1121709,4965913,attack,5,encoder_block_5,0.9231655597686768,-1.6505868434906006,-2.5737524032592773
informationbaz_random_4,informationbaz,random,4,1121709,4965913,attack,6,encoder_block_6,0.9433470964431763,-1.2465821504592896,-2.189929246902466
informationbaz_random_4,informationbaz,random,4,1121709,4965913,attack,7,encoder_block_7,0.7168867588043213,-1.3457648754119873,-2.0626516342163086
informationbaz_random_4,informationbaz,random,4,1121709,4965913,attack,8,encoder_block_8,0.7100245952606201,-1.0498610734939575,-1.7598856687545776
informationbaz_random_4,informationbaz,random,4,1121709,4965913,attack,9,encoder_block_9,0.867100715637207,-0.39138710498809814,-1.2584878206253052
informationbaz_random_4,informationbaz,random,4,1121709,4965913,attack,10,encoder_block_10,0.01021885871887207,-0.3713452219963074,-0.38156408071517944
informationbaz_random_4,informationbaz,random,4,1121709,4965913,attack,11,encoder_block_11,-3.673758029937744,-6.9464430809021,-3.2726850509643555
informationbaz_random_4,informationbaz,random,4,1121709,4965913,attack,12,encoder_block_12,-13.7064790725708,-24.647626876831055,-10.941147804260254
informationbaz_random_4,informationbaz,random,4,1124210,8026740,original,0,embedding,0.7269232273101807,-3.0823166370391846,-3.8092398643493652
informationbaz_random_4,informationbaz,random,4,1124210,8026740,original,1,encoder_block_1,0.45858216285705566,-3.2094855308532715,-3.668067693710327
informationbaz_random_4,informationbaz,random,4,1124210,8026740,original,2,encoder_block_2,0.5466594696044922,-3.422719955444336,-3.969379425048828
informationbaz_random_4,informationbaz,random,4,1124210,8026740,original,3,encoder_block_3,0.7159969806671143,-3.3246686458587646,-4.040665626525879
informationbaz_random_4,informationbaz,random,4,1124210,8026740,original,4,encoder_block_4,0.8464562892913818,-2.6819493770599365,-3.5284056663513184
informationbaz_random_4,informationbaz,random,4,1124210,8026740,original,5,encoder_block_5,0.8713822364807129,-2.6764233112335205,-3.5478055477142334
informationbaz_random_4,informationbaz,random,4,1124210,8026740,original,6,encoder_block_6,0.7868921756744385,-2.524742841720581,-3.3116350173950195
informationbaz_random_4,informationbaz,random,4,1124210,8026740,original,7,encoder_block_7,0.9112682342529297,-2.5652389526367188,-3.4765071868896484
informationbaz_random_4,informationbaz,random,4,1124210,8026740,original,8,encoder_block_8,0.8616187572479248,-2.7072763442993164,-3.568895101547241
informationbaz_random_4,informationbaz,random,4,1124210,8026740,original,9,encoder_block_9,0.9398579597473145,-2.654921054840088,-3.5947790145874023
informationbaz_random_4,informationbaz,random,4,1124210,8026740,original,10,encoder_block_10,0.7700507640838623,-2.740304946899414,-3.5103557109832764
informationbaz_random_4,informationbaz,random,4,1124210,8026740,original,11,encoder_block_11,0.5469598770141602,-2.2876925468444824,-2.8346524238586426
informationbaz_random_4,informationbaz,random,4,1124210,8026740,original,12,encoder_block_12,-1.4280482530593872,-2.015774726867676,-0.5877264738082886
informationbaz_random_4,informationbaz,random,4,1124210,8026740,padded_control,0,embedding,0.7269232273101807,-3.0823163986206055,-3.809239625930786
informationbaz_random_4,informationbaz,random,4,1124210,8026740,padded_control,1,encoder_block_1,0.45795774459838867,-3.199115753173828,-3.657073497772217
informationbaz_random_4,informationbaz,random,4,1124210,8026740,padded_control,2,encoder_block_2,0.546259880065918,-3.416031837463379,-3.962291717529297
informationbaz_random_4,informationbaz,random,4,1124210,8026740,padded_control,3,encoder_block_3,0.7142477035522461,-3.2955679893493652,-4.009815692901611
informationbaz_random_4,informationbaz,random,4,1124210,8026740,padded_control,4,encoder_block_4,0.8395099639892578,-2.6614365577697754,-3.500946521759033
informationbaz_random_4,informationbaz,random,4,1124210,8026740,padded_control,5,encoder_block_5,0.8578751087188721,-2.6755359172821045,-3.5334110260009766
informationbaz_random_4,informationbaz,random,4,1124210,8026740,padded_control,6,encoder_block_6,0.7653570175170898,-2.563751697540283,-3.329108715057373
informationbaz_random_4,informationbaz,random,4,1124210,8026740,padded_control,7,encoder_block_7,0.8941192626953125,-2.6021080017089844,-3.496227264404297
informationbaz_random_4,informationbaz,random,4,1124210,8026740,padded_control,8,encoder_block_8,0.8492703437805176,-2.7533981800079346,-3.602668523788452
informationbaz_random_4,informationbaz,random,4,1124210,8026740,padded_control,9,encoder_block_9,0.9411830902099609,-2.6593055725097656,-3.6004886627197266
informationbaz_random_4,informationbaz,random,4,1124210,8026740,padded_control,10,encoder_block_10,0.7998931407928467,-2.7506799697875977,-3.5505731105804443
informationbaz_random_4,informationbaz,random,4,1124210,8026740,padded_control,11,encoder_block_11,0.657954216003418,-2.3286547660827637,-2.9866089820861816
informationbaz_random_4,informationbaz,random,4,1124210,8026740,padded_control,12,encoder_block_12,-0.5931128859519958,-0.8107956647872925,-0.21768277883529663
informationbaz_random_4,informationbaz,random,4,1124210,8026740,attack,0,embedding,0.5507116317749023,-3.266078472137451,-3.8167901039123535
informationbaz_random_4,informationbaz,random,4,1124210,8026740,attack,1,encoder_block_1,0.43810081481933594,-3.2333078384399414,-3.6714086532592773
informationbaz_random_4,informationbaz,random,4,1124210,8026740,attack,2,encoder_block_2,0.44008684158325195,-3.025022029876709,-3.465108871459961
informationbaz_random_4,informationbaz,random,4,1124210,8026740,attack,3,encoder_block_3,0.5920064449310303,-2.72096848487854,-3.3129749298095703
informationbaz_random_4,informationbaz,random,4,1124210,8026740,attack,4,encoder_block_4,0.7193137407302856,-1.9102805852890015,-2.629594326019287
informationbaz_random_4,informationbaz,random,4,1124210,8026740,attack,5,encoder_block_5,0.8099137544631958,-1.9253650903701782,-2.735278844833374
informationbaz_random_4,informationbaz,random,4,1124210,8026740,attack,6,encoder_block_6,0.7060431241989136,-1.9723016023635864,-2.6783447265625
informationbaz_random_4,informationbaz,random,4,1124210,8026740,attack,7,encoder_block_7,0.8383581638336182,-2.136449098587036,-2.9748072624206543
informationbaz_random_4,informationbaz,random,4,1124210,8026740,attack,8,encoder_block_8,0.9266707897186279,-2.3418755531311035,-3.2685463428497314
informationbaz_random_4,informationbaz,random,4,1124210,8026740,attack,9,encoder_block_9,1.0690844058990479,-2.3504481315612793,-3.419532537460327
informationbaz_random_4,informationbaz,random,4,1124210,8026740,attack,10,encoder_block_10,1.0118556022644043,-2.518825054168701,-3.5306806564331055
informationbaz_random_4,informationbaz,random,4,1124210,8026740,attack,11,encoder_block_11,1.1468276977539062,-2.1057345867156982,-3.2525622844696045
informationbaz_random_4,informationbaz,random,4,1124210,8026740,attack,12,encoder_block_12,0.620930552482605,0.2485221028327942,-0.3724084496498108
informationbaz_random_4,informationbaz,random,4,1129237,128984,original,0,embedding,-0.4268803596496582,-5.046266078948975,-4.619385719299316
informationbaz_random_4,informationbaz,random,4,1129237,128984,original,1,encoder_block_1,-0.43871068954467773,-4.943491458892822,-4.5047807693481445
informationbaz_random_4,informationbaz,random,4,1129237,128984,original,2,encoder_block_2,-0.11502647399902344,-5.040691375732422,-4.925664901733398
informationbaz_random_4,informationbaz,random,4,1129237,128984,original,3,encoder_block_3,0.011087894439697266,-4.750243186950684,-4.761331081390381
informationbaz_random_4,informationbaz,random,4,1129237,128984,original,4,encoder_block_4,-0.05814027786254883,-4.561546802520752,-4.503406524658203
informationbaz_random_4,informationbaz,random,4,1129237,128984,original,5,encoder_block_5,-0.21863126754760742,-4.532723903656006,-4.314092636108398
informationbaz_random_4,informationbaz,random,4,1129237,128984,original,6,encoder_block_6,-0.3394663333892822,-4.309296131134033,-3.969829797744751
informationbaz_random_4,informationbaz,random,4,1129237,128984,original,7,encoder_block_7,-0.3060479164123535,-4.141574859619141,-3.835526943206787
informationbaz_random_4,informationbaz,random,4,1129237,128984,original,8,encoder_block_8,-0.22791576385498047,-4.246392250061035,-4.018476486206055
informationbaz_random_4,informationbaz,random,4,1129237,128984,original,9,encoder_block_9,0.054624319076538086,-3.718355655670166,-3.772979974746704
informationbaz_random_4,informationbaz,random,4,1129237,128984,original,10,encoder_block_10,0.5939323902130127,-3.5633304119110107,-4.157262802124023
informationbaz_random_4,informationbaz,random,4,1129237,128984,original,11,encoder_block_11,2.355377674102783,-4.046473503112793,-6.401851177215576
informationbaz_random_4,informationbaz,random,4,1129237,128984,original,12,encoder_block_12,3.980635643005371,-6.51324462890625,-10.493880271911621
informationbaz_random_4,informationbaz,random,4,1129237,128984,padded_control,0,embedding,-0.4268808364868164,-5.046266078948975,-4.619385242462158
informationbaz_random_4,informationbaz,random,4,1129237,128984,padded_control,1,encoder_block_1,-0.42333555221557617,-4.921569347381592,-4.498233795166016
informationbaz_random_4,informationbaz,random,4,1129237,128984,padded_control,2,encoder_block_2,-0.11519622802734375,-5.013824939727783,-4.8986287117004395
informationbaz_random_4,informationbaz,random,4,1129237,128984,padded_control,3,encoder_block_3,0.009293556213378906,-4.725131034851074,-4.734424591064453
informationbaz_random_4,informationbaz,random,4,1129237,128984,padded_control,4,encoder_block_4,-0.07312870025634766,-4.547698020935059,-4.474569320678711
informationbaz_random_4,informationbaz,random,4,1129237,128984,padded_control,5,encoder_block_5,-0.2441105842590332,-4.525771141052246,-4.281660556793213
informationbaz_random_4,informationbaz,random,4,1129237,128984,padded_control,6,encoder_block_6,-0.36000704765319824,-4.3222808837890625,-3.9622738361358643
informationbaz_random_4,informationbaz,random,4,1129237,128984,padded_control,7,encoder_block_7,-0.34125614166259766,-4.176446437835693,-3.8351902961730957
informationbaz_random_4,informationbaz,random,4,1129237,128984,padded_control,8,encoder_block_8,-0.2517375946044922,-4.265802383422852,-4.014064788818359
informationbaz_random_4,informationbaz,random,4,1129237,128984,padded_control,9,encoder_block_9,0.033039093017578125,-3.7210309505462646,-3.7540700435638428
informationbaz_random_4,informationbaz,random,4,1129237,128984,padded_control,10,encoder_block_10,0.571782112121582,-3.575789451599121,-4.147571563720703
informationbaz_random_4,informationbaz,random,4,1129237,128984,padded_control,11,encoder_block_11,2.3434934616088867,-4.003802299499512,-6.347295761108398
informationbaz_random_4,informationbaz,random,4,1129237,128984,padded_control,12,encoder_block_12,3.925084114074707,-6.195643424987793,-10.1207275390625
informationbaz_random_4,informationbaz,random,4,1129237,128984,attack,0,embedding,-0.6268386840820312,-5.489396095275879,-4.862557411193848
informationbaz_random_4,informationbaz,random,4,1129237,128984,attack,1,encoder_block_1,-0.500892162322998,-4.85353946685791,-4.352647304534912
informationbaz_random_4,informationbaz,random,4,1129237,128984,attack,2,encoder_block_2,-0.26796436309814453,-4.691493034362793,-4.423528671264648
informationbaz_random_4,informationbaz,random,4,1129237,128984,attack,3,encoder_block_3,-0.18009567260742188,-4.234233856201172,-4.05413818359375
informationbaz_random_4,informationbaz,random,4,1129237,128984,attack,4,encoder_block_4,-0.2183513641357422,-3.893770456314087,-3.6754190921783447
informationbaz_random_4,informationbaz,random,4,1129237,128984,attack,5,encoder_block_5,-0.27204465866088867,-3.8299877643585205,-3.557943105697632
informationbaz_random_4,informationbaz,random,4,1129237,128984,attack,6,encoder_block_6,-0.3645501136779785,-3.503732442855835,-3.1391823291778564
informationbaz_random_4,informationbaz,random,4,1129237,128984,attack,7,encoder_block_7,-0.32041096687316895,-3.397442102432251,-3.077031135559082
informationbaz_random_4,informationbaz,random,4,1129237,128984,attack,8,encoder_block_8,-0.179548978805542,-3.6020796298980713,-3.4225306510925293
informationbaz_random_4,informationbaz,random,4,1129237,128984,attack,9,encoder_block_9,0.03562211990356445,-3.2438883781433105,-3.279510498046875
informationbaz_random_4,informationbaz,random,4,1129237,128984,attack,10,encoder_block_10,0.5884134769439697,-3.210592746734619,-3.799006223678589
informationbaz_random_4,informationbaz,random,4,1129237,128984,attack,11,encoder_block_11,2.380495309829712,-3.481553792953491,-5.862049102783203
informationbaz_random_4,informationbaz,random,4,1129237,128984,attack,12,encoder_block_12,3.8633065223693848,-5.879117488861084,-9.742424011230469
informationbaz_random_4,informationbaz,random,4,1133167,6467522,original,0,embedding,-0.6135129928588867,-5.411054611206055,-4.797541618347168
informationbaz_random_4,informationbaz,random,4,1133167,6467522,original,1,encoder_block_1,-0.2902951240539551,-5.341166019439697,-5.050870895385742
informationbaz_random_4,informationbaz,random,4,1133167,6467522,original,2,encoder_block_2,-0.3189535140991211,-5.018360137939453,-4.699406623840332
informationbaz_random_4,informationbaz,random,4,1133167,6467522,original,3,encoder_block_3,-0.36306118965148926,-4.359443187713623,-3.996381998062134
informationbaz_random_4,informationbaz,random,4,1133167,6467522,original,4,encoder_block_4,-0.0748136043548584,-3.8491594791412354,-3.774345874786377
informationbaz_random_4,informationbaz,random,4,1133167,6467522,original,5,encoder_block_5,-0.04540610313415527,-3.8352787494659424,-3.789872646331787
informationbaz_random_4,informationbaz,random,4,1133167,6467522,original,6,encoder_block_6,-0.08030509948730469,-3.791579246520996,-3.7112741470336914
informationbaz_random_4,informationbaz,random,4,1133167,6467522,original,7,encoder_block_7,-0.16875886917114258,-3.6996254920959473,-3.5308666229248047
informationbaz_random_4,informationbaz,random,4,1133167,6467522,original,8,encoder_block_8,-0.012473106384277344,-4.109466075897217,-4.0969929695129395
informationbaz_random_4,informationbaz,random,4,1133167,6467522,original,9,encoder_block_9,0.09048748016357422,-4.269391059875488,-4.3598785400390625
informationbaz_random_4,informationbaz,random,4,1133167,6467522,original,10,encoder_block_10,-0.5169878005981445,-4.214482307434082,-3.6974945068359375
informationbaz_random_4,informationbaz,random,4,1133167,6467522,original,11,encoder_block_11,-0.027039289474487305,-3.9763662815093994,-3.949326992034912
informationbaz_random_4,informationbaz,random,4,1133167,6467522,original,12,encoder_block_12,-0.1112823486328125,-0.9803388118743896,-0.8690564632415771
informationbaz_random_4,informationbaz,random,4,1133167,6467522,padded_control,0,embedding,-0.6135139465332031,-5.411055564880371,-4.797541618347168
informationbaz_random_4,informationbaz,random,4,1133167,6467522,padded_control,1,encoder_block_1,-0.2755274772644043,-5.343804836273193,-5.068277359008789
informationbaz_random_4,informationbaz,random,4,1133167,6467522,padded_control,2,encoder_block_2,-0.3071165084838867,-5.044599533081055,-4.737483024597168
informationbaz_random_4,informationbaz,random,4,1133167,6467522,padded_control,3,encoder_block_3,-0.35254764556884766,-4.398252487182617,-4.0457048416137695
informationbaz_random_4,informationbaz,random,4,1133167,6467522,padded_control,4,encoder_block_4,-0.08330655097961426,-3.887639045715332,-3.8043324947357178
informationbaz_random_4,informationbaz,random,4,1133167,6467522,padded_control,5,encoder_block_5,-0.043250322341918945,-3.861351251602173,-3.818100929260254
informationbaz_random_4,informationbaz,random,4,1133167,6467522,padded_control,6,encoder_block_6,-0.09432053565979004,-3.8070263862609863,-3.7127058506011963
informationbaz_random_4,informationbaz,random,4,1133167,6467522,padded_control,7,encoder_block_7,-0.1707782745361328,-3.7114429473876953,-3.5406646728515625
informationbaz_random_4,informationbaz,random,4,1133167,6467522,padded_control,8,encoder_block_8,-0.020294189453125,-4.115045547485352,-4.094751358032227
informationbaz_random_4,informationbaz,random,4,1133167,6467522,padded_control,9,encoder_block_9,0.08663797378540039,-4.278295993804932,-4.364933967590332
informationbaz_random_4,informationbaz,random,4,1133167,6467522,padded_control,10,encoder_block_10,-0.5312099456787109,-4.264308929443359,-3.7330989837646484
informationbaz_random_4,informationbaz,random,4,1133167,6467522,padded_control,11,encoder_block_11,0.029993057250976562,-4.027292251586914,-4.057285308837891
informationbaz_random_4,informationbaz,random,4,1133167,6467522,padded_control,12,encoder_block_12,0.13987553119659424,-0.8025054931640625,-0.9423810243606567
informationbaz_random_4,informationbaz,random,4,1133167,6467522,attack,0,embedding,-0.701416015625,-5.43109130859375,-4.72967529296875
informationbaz_random_4,informationbaz,random,4,1133167,6467522,attack,1,encoder_block_1,-0.25646066665649414,-5.2325286865234375,-4.976068019866943
informationbaz_random_4,informationbaz,random,4,1133167,6467522,attack,2,encoder_block_2,-0.3625063896179199,-4.866244316101074,-4.503737926483154
informationbaz_random_4,informationbaz,random,4,1133167,6467522,attack,3,encoder_block_3,-0.3153705596923828,-4.1754045486450195,-3.8600339889526367
informationbaz_random_4,informationbaz,random,4,1133167,6467522,attack,4,encoder_block_4,-0.08150124549865723,-3.528311014175415,-3.446809768676758
informationbaz_random_4,informationbaz,random,4,1133167,6467522,attack,5,encoder_block_5,0.0019268989562988281,-3.6221227645874023,-3.624049663543701
informationbaz_random_4,informationbaz,random,4,1133167,6467522,attack,6,encoder_block_6,-0.053380727767944336,-3.571971893310547,-3.5185911655426025
informationbaz_random_4,informationbaz,random,4,1133167,6467522,attack,7,encoder_block_7,-0.07259082794189453,-3.426486015319824,-3.3538951873779297
informationbaz_random_4,informationbaz,random,4,1133167,6467522,attack,8,encoder_block_8,0.06695294380187988,-3.7950682640075684,-3.8620212078094482
informationbaz_random_4,informationbaz,random,4,1133167,6467522,attack,9,encoder_block_9,0.2086625099182129,-3.952760696411133,-4.161423206329346
informationbaz_random_4,informationbaz,random,4,1133167,6467522,attack,10,encoder_block_10,-0.4974231719970703,-3.9738781452178955,-3.476454973220825
informationbaz_random_4,informationbaz,random,4,1133167,6467522,attack,11,encoder_block_11,-0.09102869033813477,-3.859947681427002,-3.768918991088867
informationbaz_random_4,informationbaz,random,4,1133167,6467522,attack,12,encoder_block_12,-0.1435149908065796,-1.2120710611343384,-1.0685560703277588
informationbaz_random_4,informationbaz,random,4,130510,7501563,original,0,embedding,0.29352736473083496,-3.831918954849243,-4.125446319580078
informationbaz_random_4,informationbaz,random,4,130510,7501563,original,1,encoder_block_1,-0.026979446411132812,-4.090258598327637,-4.063279151916504
informationbaz_random_4,informationbaz,random,4,130510,7501563,original,2,encoder_block_2,0.26840710639953613,-3.6936402320861816,-3.9620473384857178
informationbaz_random_4,informationbaz,random,4,130510,7501563,original,3,encoder_block_3,0.10430192947387695,-3.150489568710327,-3.254791498184204
informationbaz_random_4,informationbaz,random,4,130510,7501563,original,4,encoder_block_4,0.1415843963623047,-2.9980735778808594,-3.139657974243164
informationbaz_random_4,informationbaz,random,4,130510,7501563,original,5,encoder_block_5,0.31539011001586914,-2.5070900917053223,-2.8224802017211914
informationbaz_random_4,informationbaz,random,4,130510,7501563,original,6,encoder_block_6,0.3311595916748047,-2.196631908416748,-2.5277915000915527
informationbaz_random_4,informationbaz,random,4,130510,7501563,original,7,encoder_block_7,0.36590051651000977,-2.091857671737671,-2.4577581882476807
informationbaz_random_4,informationbaz,random,4,130510,7501563,original,8,encoder_block_8,0.2777400016784668,-2.460012435913086,-2.7377524375915527
informationbaz_random_4,informationbaz,random,4,130510,7501563,original,9,encoder_block_9,0.5110898017883301,-2.2255125045776367,-2.736602306365967
informationbaz_random_4,informationbaz,random,4,130510,7501563,original,10,encoder_block_10,0.03530478477478027,-1.750922441482544,-1.7862272262573242
informationbaz_random_4,informationbaz,random,4,130510,7501563,original,11,encoder_block_11,0.05455887317657471,-0.8758538961410522,-0.930412769317627
informationbaz_random_4,informationbaz,random,4,130510,7501563,original,12,encoder_block_12,-6.9109601974487305,-22.354389190673828,-15.443428993225098
informationbaz_random_4,informationbaz,random,4,130510,7501563,padded_control,0,embedding,0.29352688789367676,-3.8319194316864014,-4.125446319580078
informationbaz_random_4,informationbaz,random,4,130510,7501563,padded_control,1,encoder_block_1,-0.032002925872802734,-4.07337760925293,-4.041374683380127
informationbaz_random_4,informationbaz,random,4,130510,7501563,padded_control,2,encoder_block_2,0.24117541313171387,-3.678633451461792,-3.919808864593506
informationbaz_random_4,informationbaz,random,4,130510,7501563,padded_control,3,encoder_block_3,0.07593655586242676,-3.1427040100097656,-3.2186405658721924
informationbaz_random_4,informationbaz,random,4,130510,7501563,padded_control,4,encoder_block_4,0.12863564491271973,-2.99123477935791,-3.11987042427063
informationbaz_random_4,informationbaz,random,4,130510,7501563,padded_control,5,encoder_block_5,0.3070085048675537,-2.489132881164551,-2.7961413860321045
informationbaz_random_4,informationbaz,random,4,130510,7501563,padded_control,6,encoder_block_6,0.32282423973083496,-2.18493390083313,-2.507758140563965
informationbaz_random_4,informationbaz,random,4,130510,7501563,padded_control,7,encoder_block_7,0.36153364181518555,-2.0793957710266113,-2.440929412841797
informationbaz_random_4,informationbaz,random,4,130510,7501563,padded_control,8,encoder_block_8,0.2764461040496826,-2.4151251316070557,-2.6915712356567383
informationbaz_random_4,informationbaz,random,4,130510,7501563,padded_control,9,encoder_block_9,0.5122618675231934,-2.20112681388855,-2.713388681411743
informationbaz_random_4,informationbaz,random,4,130510,7501563,padded_control,10,encoder_block_10,0.047684431076049805,-1.754991054534912,-1.802675485610962
informationbaz_random_4,informationbaz,random,4,130510,7501563,padded_control,11,encoder_block_11,0.15983498096466064,-0.8645355701446533,-1.024370551109314
informationbaz_random_4,informationbaz,random,4,130510,7501563,padded_control,12,encoder_block_12,-6.356916427612305,-21.68310546875,-15.326189041137695
informationbaz_random_4,informationbaz,random,4,130510,7501563,attack,0,embedding,0.07832813262939453,-3.540297031402588,-3.6186251640319824
informationbaz_random_4,informationbaz,random,4,130510,7501563,attack,1,encoder_block_1,-0.1340179443359375,-3.818950653076172,-3.6849327087402344
informationbaz_random_4,informationbaz,random,4,130510,7501563,attack,2,encoder_block_2,0.07368850708007812,-3.0678977966308594,-3.1415863037109375
informationbaz_random_4,informationbaz,random,4,130510,7501563,attack,3,encoder_block_3,-0.017652273178100586,-2.522557497024536,-2.5049052238464355
informationbaz_random_4,informationbaz,random,4,130510,7501563,attack,4,encoder_block_4,0.049071311950683594,-2.046184539794922,-2.0952558517456055
informationbaz_random_4,informationbaz,random,4,130510,7501563,attack,5,encoder_block_5,0.27789855003356934,-1.710667371749878,-1.9885659217834473
informationbaz_random_4,informationbaz,random,4,130510,7501563,attack,6,encoder_block_6,0.3820868730545044,-1.418304443359375,-1.8003913164138794
informationbaz_random_4,informationbaz,random,4,130510,7501563,attack,7,encoder_block_7,0.41793715953826904,-1.4533133506774902,-1.8712505102157593
informationbaz_random_4,informationbaz,random,4,130510,7501563,attack,8,encoder_block_8,0.39443325996398926,-1.5417935848236084,-1.9362268447875977
informationbaz_random_4,informationbaz,random,4,130510,7501563,attack,9,encoder_block_9,0.631483793258667,-1.7238564491271973,-2.3553402423858643
informationbaz_random_4,informationbaz,random,4,130510,7501563,attack,10,encoder_block_10,0.22879910469055176,-1.4390583038330078,-1.6678574085235596
informationbaz_random_4,informationbaz,random,4,130510,7501563,attack,11,encoder_block_11,0.1172986626625061,-0.860457181930542,-0.9777558445930481
informationbaz_random_4,informationbaz,random,4,130510,7501563,attack,12,encoder_block_12,-7.177828788757324,-22.758995056152344,-15.58116626739502
informationbaz_random_4,informationbaz,random,4,131843,985994,original,0,embedding,-0.4775824546813965,-4.642561435699463,-4.164978981018066
informationbaz_random_4,informationbaz,random,4,131843,985994,original,1,encoder_block_1,-0.5464203357696533,-3.8652164936065674,-3.318796157836914
informationbaz_random_4,informationbaz,random,4,131843,985994,original,2,encoder_block_2,-0.43844151496887207,-3.49298095703125,-3.054539442062378
informationbaz_random_4,informationbaz,random,4,131843,985994,original,3,encoder_block_3,-0.2846963405609131,-2.8718862533569336,-2.5871899127960205
informationbaz_random_4,informationbaz,random,4,131843,985994,original,4,encoder_block_4,-0.3300440311431885,-2.3695549964904785,-2.03951096534729
informationbaz_random_4,informationbaz,random,4,131843,985994,original,5,encoder_block_5,-0.34778475761413574,-1.9613136053085327,-1.613528847694397
informationbaz_random_4,informationbaz,random,4,131843,985994,original,6,encoder_block_6,-0.3066892623901367,-1.7701776027679443,-1.4634883403778076
informationbaz_random_4,informationbaz,random,4,131843,985994,original,7,encoder_block_7,-0.08289229869842529,-1.8623595237731934,-1.779467225074768
informationbaz_random_4,informationbaz,random,4,131843,985994,original,8,encoder_block_8,0.12474656105041504,-2.0931737422943115,-2.2179203033447266
informationbaz_random_4,informationbaz,random,4,131843,985994,original,9,encoder_block_9,0.4970574378967285,-2.174952983856201,-2.6720104217529297
informationbaz_random_4,informationbaz,random,4,131843,985994,original,10,encoder_block_10,0.8721580505371094,-2.797468662261963,-3.6696267127990723
informationbaz_random_4,informationbaz,random,4,131843,985994,original,11,encoder_block_11,2.727198600769043,-5.622208595275879,-8.349407196044922
informationbaz_random_4,informationbaz,random,4,131843,985994,original,12,encoder_block_12,4.251490592956543,-7.860726356506348,-12.11221694946289
informationbaz_random_4,informationbaz,random,4,131843,985994,padded_control,0,embedding,-0.4775838851928711,-4.642561912536621,-4.16497802734375
informationbaz_random_4,informationbaz,random,4,131843,985994,padded_control,1,encoder_block_1,-0.5291285514831543,-3.8483521938323975,-3.319223642349243
informationbaz_random_4,informationbaz,random,4,131843,985994,padded_control,2,encoder_block_2,-0.4220144748687744,-3.4969072341918945,-3.07489275932312
informationbaz_random_4,informationbaz,random,4,131843,985994,padded_control,3,encoder_block_3,-0.28235411643981934,-2.8678207397460938,-2.5854666233062744
informationbaz_random_4,informationbaz,random,4,131843,985994,padded_control,4,encoder_block_4,-0.33190274238586426,-2.393970251083374,-2.0620675086975098
informationbaz_random_4,informationbaz,random,4,131843,985994,padded_control,5,encoder_block_5,-0.3322479724884033,-1.9925034046173096,-1.6602554321289062
informationbaz_random_4,informationbaz,random,4,131843,985994,padded_control,6,encoder_block_6,-0.28558826446533203,-1.787714958190918,-1.502126693725586
informationbaz_random_4,informationbaz,random,4,131843,985994,padded_control,7,encoder_block_7,-0.07572293281555176,-1.8977270126342773,-1.8220040798187256
informationbaz_random_4,informationbaz,random,4,131843,985994,padded_control,8,encoder_block_8,0.15169644355773926,-2.1263842582702637,-2.278080701828003
informationbaz_random_4,informationbaz,random,4,131843,985994,padded_control,9,encoder_block_9,0.4987351894378662,-2.178830623626709,-2.677565813064575
informationbaz_random_4,informationbaz,random,4,131843,985994,padded_control,10,encoder_block_10,0.8613474369049072,-2.7604525089263916,-3.621799945831299
informationbaz_random_4,informationbaz,random,4,131843,985994,padded_control,11,encoder_block_11,2.697787284851074,-5.575084686279297,-8.272871971130371
informationbaz_random_4,informationbaz,random,4,131843,985994,padded_control,12,encoder_block_12,4.331193923950195,-8.27914047241211,-12.610334396362305
informationbaz_random_4,informationbaz,random,4,131843,985994,attack,0,embedding,-0.34719228744506836,-4.6819539070129395,-4.334761619567871
informationbaz_random_4,informationbaz,random,4,131843,985994,attack,1,encoder_block_1,-0.3874092102050781,-4.0985260009765625,-3.7111167907714844
informationbaz_random_4,informationbaz,random,4,131843,985994,attack,2,encoder_block_2,-0.4505805969238281,-3.4200849533081055,-2.9695043563842773
informationbaz_random_4,informationbaz,random,4,131843,985994,attack,3,encoder_block_3,-0.2885124683380127,-2.7048332691192627,-2.41632080078125
informationbaz_random_4,informationbaz,random,4,131843,985994,attack,4,encoder_block_4,-0.3881056308746338,-1.7607409954071045,-1.3726353645324707
informationbaz_random_4,informationbaz,random,4,131843,985994,attack,5,encoder_block_5,-0.29273128509521484,-1.5614416599273682,-1.2687103748321533
informationbaz_random_4,informationbaz,random,4,131843,985994,attack,6,encoder_block_6,-0.12386369705200195,-1.3482272624969482,-1.2243635654449463
informationbaz_random_4,informationbaz,random,4,131843,985994,attack,7,encoder_block_7,0.07056665420532227,-1.4326717853546143,-1.5032384395599365
informationbaz_random_4,informationbaz,random,4,131843,985994,attack,8,encoder_block_8,0.34225428104400635,-1.6024664640426636,-1.94472074508667
informationbaz_random_4,informationbaz,random,4,131843,985994,attack,9,encoder_block_9,0.5836910009384155,-1.9870966672897339,-2.5707876682281494
informationbaz_random_4,informationbaz,random,4,131843,985994,attack,10,encoder_block_10,0.838303804397583,-2.2776238918304443,-3.1159276962280273
informationbaz_random_4,informationbaz,random,4,131843,985994,attack,11,encoder_block_11,2.3993396759033203,-3.609225273132324,-6.0085649490356445
informationbaz_random_4,informationbaz,random,4,131843,985994,attack,12,encoder_block_12,2.913522958755493,-1.893101453781128,-4.806624412536621
informationbaz_random_4,informationbaz,random,4,146187,8434623,original,0,embedding,0.839080810546875,-4.25272274017334,-5.091803550720215
informationbaz_random_4,informationbaz,random,4,146187,8434623,original,1,encoder_block_1,0.5430335998535156,-4.265356063842773,-4.808389663696289
informationbaz_random_4,informationbaz,random,4,146187,8434623,original,2,encoder_block_2,0.6665821075439453,-4.2168169021606445,-4.88339900970459
informationbaz_random_4,informationbaz,random,4,146187,8434623,original,3,encoder_block_3,0.8036625385284424,-3.2398669719696045,-4.043529510498047
informationbaz_random_4,informationbaz,random,4,146187,8434623,original,4,encoder_block_4,1.0283384323120117,-2.6699490547180176,-3.6982874870300293
informationbaz_random_4,informationbaz,random,4,146187,8434623,original,5,encoder_block_5,0.9702348709106445,-2.369527578353882,-3.3397624492645264
informationbaz_random_4,informationbaz,random,4,146187,8434623,original,6,encoder_block_6,1.1109793186187744,-2.0778961181640625,-3.188875436782837
informationbaz_random_4,informationbaz,random,4,146187,8434623,original,7,encoder_block_7,1.2179179191589355,-2.1280086040496826,-3.345926523208618
informationbaz_random_4,informationbaz,random,4,146187,8434623,original,8,encoder_block_8,1.15509033203125,-2.3019275665283203,-3.4570178985595703
informationbaz_random_4,informationbaz,random,4,146187,8434623,original,9,encoder_block_9,1.5319747924804688,-1.858611822128296,-3.3905866146087646
informationbaz_random_4,informationbaz,random,4,146187,8434623,original,10,encoder_block_10,1.9369175434112549,-2.618671178817749,-4.555588722229004
informationbaz_random_4,informationbaz,random,4,146187,8434623,original,11,encoder_block_11,3.685793876647949,-7.016243934631348,-10.702037811279297
informationbaz_random_4,informationbaz,random,4,146187,8434623,original,12,encoder_block_12,6.538471221923828,-16.37523651123047,-22.913707733154297
informationbaz_random_4,informationbaz,random,4,146187,8434623,padded_control,0,embedding,0.839080810546875,-4.252721786499023,-5.091802597045898
informationbaz_random_4,informationbaz,random,4,146187,8434623,padded_control,1,encoder_block_1,0.5186862945556641,-4.303160667419434,-4.821846961975098
informationbaz_random_4,informationbaz,random,4,146187,8434623,padded_control,2,encoder_block_2,0.6487784385681152,-4.284006118774414,-4.932784557342529
informationbaz_random_4,informationbaz,random,4,146187,8434623,padded_control,3,encoder_block_3,0.7937912940979004,-3.257699966430664,-4.0514912605285645
informationbaz_random_4,informationbaz,random,4,146187,8434623,padded_control,4,encoder_block_4,1.0181868076324463,-2.7126500606536865,-3.730836868286133
informationbaz_random_4,informationbaz,random,4,146187,8434623,padded_control,5,encoder_block_5,0.9482254981994629,-2.402639865875244,-3.350865364074707
informationbaz_random_4,informationbaz,random,4,146187,8434623,padded_control,6,encoder_block_6,1.1130056381225586,-2.0796637535095215,-3.19266939163208
informationbaz_random_4,informationbaz,random,4,146187,8434623,padded_control,7,encoder_block_7,1.241668939590454,-2.1440539360046387,-3.3857228755950928
informationbaz_random_4,informationbaz,random,4,146187,8434623,padded_control,8,encoder_block_8,1.1648077964782715,-2.30694842338562,-3.4717562198638916
informationbaz_random_4,informationbaz,random,4,146187,8434623,padded_control,9,encoder_block_9,1.5356945991516113,-1.855729103088379,-3.3914237022399902
informationbaz_random_4,informationbaz,random,4,146187,8434623,padded_control,10,encoder_block_10,1.9829676151275635,-2.669060468673706,-4.6520280838012695
informationbaz_random_4,informationbaz,random,4,146187,8434623,padded_control,11,encoder_block_11,3.7515387535095215,-7.131849765777588,-10.88338851928711
informationbaz_random_4,informationbaz,random,4,146187,8434623,padded_control,12,encoder_block_12,6.603443145751953,-16.565492630004883,-23.168935775756836
informationbaz_random_4,informationbaz,random,4,146187,8434623,attack,0,embedding,0.5821342468261719,-4.092535018920898,-4.67466926574707
informationbaz_random_4,informationbaz,random,4,146187,8434623,attack,1,encoder_block_1,0.05459284782409668,-3.862818956375122,-3.9174118041992188
informationbaz_random_4,informationbaz,random,4,146187,8434623,attack,2,encoder_block_2,0.2103123664855957,-3.5647196769714355,-3.7750320434570312
informationbaz_random_4,informationbaz,random,4,146187,8434623,attack,3,encoder_block_3,0.42216968536376953,-2.298887014389038,-2.7210566997528076
informationbaz_random_4,informationbaz,random,4,146187,8434623,attack,4,encoder_block_4,0.6587811708450317,-1.5338817834854126,-2.1926629543304443
informationbaz_random_4,informationbaz,random,4,146187,8434623,attack,5,encoder_block_5,0.7135692834854126,-1.4663554430007935,-2.179924726486206
informationbaz_random_4,informationbaz,random,4,146187,8434623,attack,6,encoder_block_6,0.8192721605300903,-1.1003435850143433,-1.9196157455444336
informationbaz_random_4,informationbaz,random,4,146187,8434623,attack,7,encoder_block_7,0.9212651252746582,-1.1693415641784668,-2.090606689453125
informationbaz_random_4,informationbaz,random,4,146187,8434623,attack,8,encoder_block_8,0.9408621788024902,-1.3115525245666504,-2.2524147033691406
informationbaz_random_4,informationbaz,random,4,146187,8434623,attack,9,encoder_block_9,1.337705373764038,-1.1070334911346436,-2.4447388648986816
informationbaz_random_4,informationbaz,random,4,146187,8434623,attack,10,encoder_block_10,1.823624849319458,-2.050020933151245,-3.873645782470703
informationbaz_random_4,informationbaz,random,4,146187,8434623,attack,11,encoder_block_11,3.6184487342834473,-6.007792949676514,-9.626241683959961
informationbaz_random_4,informationbaz,random,4,146187,8434623,attack,12,encoder_block_12,6.432953834533691,-15.994757652282715,-22.427711486816406
informationbaz_random_4,informationbaz,random,4,148538,615405,original,0,embedding,0.111785888671875,-3.6524767875671387,-3.7642626762390137
informationbaz_random_4,informationbaz,random,4,148538,615405,original,1,encoder_block_1,-0.0039806365966796875,-4.435711860656738,-4.431731224060059
informationbaz_random_4,informationbaz,random,4,148538,615405,original,2,encoder_block_2,0.5535988807678223,-4.167739391326904,-4.721338272094727
informationbaz_random_4,informationbaz,random,4,148538,615405,original,3,encoder_block_3,0.7505226135253906,-4.31087589263916,-5.061398506164551
informationbaz_random_4,informationbaz,random,4,148538,615405,original,4,encoder_block_4,1.003244400024414,-4.196844100952148,-5.2000885009765625
informationbaz_random_4,informationbaz,random,4,148538,615405,original,5,encoder_block_5,0.9754810333251953,-4.301755428314209,-5.277236461639404
informationbaz_random_4,informationbaz,random,4,148538,615405,original,6,encoder_block_6,0.9559774398803711,-3.97188663482666,-4.927864074707031
informationbaz_random_4,informationbaz,random,4,148538,615405,original,7,encoder_block_7,0.9804432392120361,-3.902968168258667,-4.883411407470703
informationbaz_random_4,informationbaz,random,4,148538,615405,original,8,encoder_block_8,1.031313419342041,-3.583860397338867,-4.615173816680908
informationbaz_random_4,informationbaz,random,4,148538,615405,original,9,encoder_block_9,1.559706449508667,-2.812436819076538,-4.372143268585205
informationbaz_random_4,informationbaz,random,4,148538,615405,original,10,encoder_block_10,0.731834888458252,-2.2492058277130127,-2.9810407161712646
informationbaz_random_4,informationbaz,random,4,148538,615405,original,11,encoder_block_11,0.4549601078033447,-1.3120453357696533,-1.767005443572998
informationbaz_random_4,informationbaz,random,4,148538,615405,original,12,encoder_block_12,-8.18265151977539,-23.93709945678711,-15.754447937011719
informationbaz_random_4,informationbaz,random,4,148538,615405,padded_control,0,embedding,0.111785888671875,-3.652475357055664,-3.764261245727539
informationbaz_random_4,informationbaz,random,4,148538,615405,padded_control,1,encoder_block_1,0.005377292633056641,-4.437219619750977,-4.442596912384033
informationbaz_random_4,informationbaz,random,4,148538,615405,padded_control,2,encoder_block_2,0.5608711242675781,-4.179389476776123,-4.740260601043701
informationbaz_random_4,informationbaz,random,4,148538,615405,padded_control,3,encoder_block_3,0.7537393569946289,-4.328653335571289,-5.082392692565918
informationbaz_random_4,informationbaz,random,4,148538,615405,padded_control,4,encoder_block_4,1.0045547485351562,-4.203644752502441,-5.208199501037598
informationbaz_random_4,informationbaz,random,4,148538,615405,padded_control,5,encoder_block_5,0.9693856239318848,-4.31353759765625,-5.282923221588135
informationbaz_random_4,informationbaz,random,4,148538,615405,padded_control,6,encoder_block_6,0.9480147361755371,-3.971149444580078,-4.919164180755615
informationbaz_random_4,informationbaz,random,4,148538,615405,padded_control,7,encoder_block_7,0.9646279811859131,-3.9238088130950928,-4.888436794281006
informationbaz_random_4,informationbaz,random,4,148538,615405,padded_control,8,encoder_block_8,1.0207221508026123,-3.5890491008758545,-4.609771251678467
informationbaz_random_4,informationbaz,random,4,148538,615405,padded_control,9,encoder_block_9,1.5514819622039795,-2.752739191055298,-4.304221153259277
informationbaz_random_4,informationbaz,random,4,148538,615405,padded_control,10,encoder_block_10,0.7147653102874756,-2.2056057453155518,-2.9203710556030273
informationbaz_random_4,informationbaz,random,4,148538,615405,padded_control,11,encoder_block_11,0.4425654411315918,-1.3364756107330322,-1.779041051864624
informationbaz_random_4,informationbaz,random,4,148538,615405,padded_control,12,encoder_block_12,-8.161624908447266,-23.917400360107422,-15.755775451660156
informationbaz_random_4,informationbaz,random,4,148538,615405,attack,0,embedding,-0.015197992324829102,-3.77355694770813,-3.758358955383301
informationbaz_random_4,informationbaz,random,4,148538,615405,attack,1,encoder_block_1,-0.22770452499389648,-4.36942195892334,-4.141717433929443
informationbaz_random_4,informationbaz,random,4,148538,615405,attack,2,encoder_block_2,0.36804866790771484,-3.83233642578125,-4.200385093688965
informationbaz_random_4,informationbaz,random,4,148538,615405,attack,3,encoder_block_3,0.6500000953674316,-3.965365409851074,-4.615365505218506
informationbaz_random_4,informationbaz,random,4,148538,615405,attack,4,encoder_block_4,0.9124085903167725,-3.7084667682647705,-4.620875358581543
informationbaz_random_4,informationbaz,random,4,148538,615405,attack,5,encoder_block_5,0.9269864559173584,-3.8832461833953857,-4.810232639312744
informationbaz_random_4,informationbaz,random,4,148538,615405,attack,6,encoder_block_6,0.8852801322937012,-3.4511184692382812,-4.336398601531982
informationbaz_random_4,informationbaz,random,4,148538,615405,attack,7,encoder_block_7,0.91621994972229,-3.356585741043091,-4.272805690765381
informationbaz_random_4,informationbaz,random,4,148538,615405,attack,8,encoder_block_8,1.0773491859436035,-3.0931053161621094,-4.170454502105713
informationbaz_random_4,informationbaz,random,4,148538,615405,attack,9,encoder_block_9,1.5762112140655518,-2.377882957458496,-3.954094171524048
informationbaz_random_4,informationbaz,random,4,148538,615405,attack,10,encoder_block_10,0.7339457273483276,-1.9242452383041382,-2.658190965652466
informationbaz_random_4,informationbaz,random,4,148538,615405,attack,11,encoder_block_11,0.2891833782196045,-1.3154094219207764,-1.6045928001403809
informationbaz_random_4,informationbaz,random,4,148538,615405,attack,12,encoder_block_12,-8.326534271240234,-23.922775268554688,-15.596240997314453
informationbaz_random_4,informationbaz,random,4,156493,6139386,original,0,embedding,0.7899231910705566,-3.482433795928955,-4.272356986999512
informationbaz_random_4,informationbaz,random,4,156493,6139386,original,1,encoder_block_1,1.0343692302703857,-3.1658451557159424,-4.200214385986328
informationbaz_random_4,informationbaz,random,4,156493,6139386,original,2,encoder_block_2,1.1008341312408447,-2.712367057800293,-3.8132011890411377
informationbaz_random_4,informationbaz,random,4,156493,6139386,original,3,encoder_block_3,1.147251844406128,-2.7416224479675293,-3.8888742923736572
informationbaz_random_4,informationbaz,random,4,156493,6139386,original,4,encoder_block_4,1.2023391723632812,-2.673269748687744,-3.8756089210510254
informationbaz_random_4,informationbaz,random,4,156493,6139386,original,5,encoder_block_5,1.384761095046997,-2.6439120769500732,-4.02867317199707
informationbaz_random_4,informationbaz,random,4,156493,6139386,original,6,encoder_block_6,1.4009933471679688,-2.199652671813965,-3.6006460189819336
informationbaz_random_4,informationbaz,random,4,156493,6139386,original,7,encoder_block_7,1.5144667625427246,-2.3725311756134033,-3.886997938156128
informationbaz_random_4,informationbaz,random,4,156493,6139386,original,8,encoder_block_8,1.6598200798034668,-2.5412302017211914,-4.201050281524658
informationbaz_random_4,informationbaz,random,4,156493,6139386,original,9,encoder_block_9,1.9056568145751953,-2.412904739379883,-4.318561553955078
informationbaz_random_4,informationbaz,random,4,156493,6139386,original,10,encoder_block_10,1.9924802780151367,-2.834989070892334,-4.827469348907471
informationbaz_random_4,informationbaz,random,4,156493,6139386,original,11,encoder_block_11,2.9495105743408203,-3.0284347534179688,-5.977945327758789
informationbaz_random_4,informationbaz,random,4,156493,6139386,original,12,encoder_block_12,3.959214687347412,-5.69597864151001,-9.655193328857422
informationbaz_random_4,informationbaz,random,4,156493,6139386,padded_control,0,embedding,0.7899236679077148,-3.482433319091797,-4.272356986999512
informationbaz_random_4,informationbaz,random,4,156493,6139386,padded_control,1,encoder_block_1,1.036355972290039,-3.1742916107177734,-4.2106475830078125
informationbaz_random_4,informationbaz,random,4,156493,6139386,padded_control,2,encoder_block_2,1.0830562114715576,-2.7367687225341797,-3.8198249340057373
informationbaz_random_4,informationbaz,random,4,156493,6139386,padded_control,3,encoder_block_3,1.127803087234497,-2.7747836112976074,-3.9025866985321045
informationbaz_random_4,informationbaz,random,4,156493,6139386,padded_control,4,encoder_block_4,1.1864738464355469,-2.7315683364868164,-3.9180421829223633
informationbaz_random_4,informationbaz,random,4,156493,6139386,padded_control,5,encoder_block_5,1.3676190376281738,-2.681577682495117,-4.049196720123291
informationbaz_random_4,informationbaz,random,4,156493,6139386,padded_control,6,encoder_block_6,1.3902592658996582,-2.2612524032592773,-3.6515116691589355
informationbaz_random_4,informationbaz,random,4,156493,6139386,padded_control,7,encoder_block_7,1.5152366161346436,-2.400905132293701,-3.9161417484283447
informationbaz_random_4,informationbaz,random,4,156493,6139386,padded_control,8,encoder_block_8,1.6625134944915771,-2.5545289516448975,-4.217042446136475
informationbaz_random_4,informationbaz,random,4,156493,6139386,padded_control,9,encoder_block_9,1.9106626510620117,-2.387718677520752,-4.298381328582764
informationbaz_random_4,informationbaz,random,4,156493,6139386,padded_control,10,encoder_block_10,1.9650359153747559,-2.7727108001708984,-4.737746715545654
informationbaz_random_4,informationbaz,random,4,156493,6139386,padded_control,11,encoder_block_11,2.8724021911621094,-2.8927454948425293,-5.765147686004639
informationbaz_random_4,informationbaz,random,4,156493,6139386,padded_control,12,encoder_block_12,3.9007511138916016,-5.422773361206055,-9.323524475097656
informationbaz_random_4,informationbaz,random,4,156493,6139386,attack,0,embedding,0.5793395042419434,-3.640383243560791,-4.219722747802734
informationbaz_random_4,informationbaz,random,4,156493,6139386,attack,1,encoder_block_1,0.8835098743438721,-3.12174391746521,-4.005253791809082
informationbaz_random_4,informationbaz,random,4,156493,6139386,attack,2,encoder_block_2,1.0085225105285645,-2.5296754837036133,-3.5381979942321777
informationbaz_random_4,informationbaz,random,4,156493,6139386,attack,3,encoder_block_3,1.0584375858306885,-2.221945285797119,-3.2803828716278076
informationbaz_random_4,informationbaz,random,4,156493,6139386,attack,4,encoder_block_4,1.1037123203277588,-1.8236267566680908,-2.9273390769958496
informationbaz_random_4,informationbaz,random,4,156493,6139386,attack,5,encoder_block_5,1.3607239723205566,-1.8926191329956055,-3.253343105316162
informationbaz_random_4,informationbaz,random,4,156493,6139386,attack,6,encoder_block_6,1.396296501159668,-1.326686143875122,-2.72298264503479
informationbaz_random_4,informationbaz,random,4,156493,6139386,attack,7,encoder_block_7,1.4916918277740479,-1.5277001857757568,-3.0193920135498047
informationbaz_random_4,informationbaz,random,4,156493,6139386,attack,8,encoder_block_8,1.654363751411438,-1.8883665800094604,-3.5427303314208984
informationbaz_random_4,informationbaz,random,4,156493,6139386,attack,9,encoder_block_9,1.8786243200302124,-1.7576981782913208,-3.636322498321533
informationbaz_random_4,informationbaz,random,4,156493,6139386,attack,10,encoder_block_10,1.932816505432129,-2.2423086166381836,-4.1751251220703125
informationbaz_random_4,informationbaz,random,4,156493,6139386,attack,11,encoder_block_11,2.507490634918213,-2.0501980781555176,-4.5576887130737305
informationbaz_random_4,informationbaz,random,4,156493,6139386,attack,12,encoder_block_12,3.2382326126098633,-2.4583044052124023,-5.696537017822266
informationbaz_random_4,informationbaz,random,4,168216,1381477,original,0,embedding,-0.19933056831359863,-2.682765483856201,-2.4834349155426025
informationbaz_random_4,informationbaz,random,4,168216,1381477,original,1,encoder_block_1,-0.46860527992248535,-2.9429140090942383,-2.474308729171753
informationbaz_random_4,informationbaz,random,4,168216,1381477,original,2,encoder_block_2,-0.25303030014038086,-2.7606983184814453,-2.5076680183410645
informationbaz_random_4,informationbaz,random,4,168216,1381477,original,3,encoder_block_3,-0.07232522964477539,-2.6721549034118652,-2.59982967376709
informationbaz_random_4,informationbaz,random,4,168216,1381477,original,4,encoder_block_4,-0.12281632423400879,-3.050915479660034,-2.9280991554260254
informationbaz_random_4,informationbaz,random,4,168216,1381477,original,5,encoder_block_5,-0.1751852035522461,-2.6245760917663574,-2.4493908882141113
informationbaz_random_4,informationbaz,random,4,168216,1381477,original,6,encoder_block_6,-0.20495152473449707,-2.3561558723449707,-2.1512043476104736
informationbaz_random_4,informationbaz,random,4,168216,1381477,original,7,encoder_block_7,-0.14716887474060059,-2.504927396774292,-2.3577585220336914
informationbaz_random_4,informationbaz,random,4,168216,1381477,original,8,encoder_block_8,-0.07691144943237305,-2.4163084030151367,-2.3393969535827637
informationbaz_random_4,informationbaz,random,4,168216,1381477,original,9,encoder_block_9,0.22826170921325684,-2.073547840118408,-2.301809549331665
informationbaz_random_4,informationbaz,random,4,168216,1381477,original,10,encoder_block_10,0.375180721282959,-2.313098430633545,-2.688279151916504
informationbaz_random_4,informationbaz,random,4,168216,1381477,original,11,encoder_block_11,1.7038626670837402,-3.6013588905334473,-5.3052215576171875
informationbaz_random_4,informationbaz,random,4,168216,1381477,original,12,encoder_block_12,4.799738883972168,-9.82279109954834,-14.622529983520508
informationbaz_random_4,informationbaz,random,4,168216,1381477,padded_control,0,embedding,-0.19933080673217773,-2.6827659606933594,-2.4834351539611816
informationbaz_random_4,informationbaz,random,4,168216,1381477,padded_control,1,encoder_block_1,-0.4493143558502197,-2.984025478363037,-2.5347111225128174
informationbaz_random_4,informationbaz,random,4,168216,1381477,padded_control,2,encoder_block_2,-0.24516081809997559,-2.7953286170959473,-2.5501677989959717
informationbaz_random_4,informationbaz,random,4,168216,1381477,padded_control,3,encoder_block_3,-0.07147693634033203,-2.7230277061462402,-2.651550769805908
informationbaz_random_4,informationbaz,random,4,168216,1381477,padded_control,4,encoder_block_4,-0.10335230827331543,-3.097144603729248,-2.9937922954559326
informationbaz_random_4,informationbaz,random,4,168216,1381477,padded_control,5,encoder_block_5,-0.1647799015045166,-2.652024269104004,-2.4872443675994873
informationbaz_random_4,informationbaz,random,4,168216,1381477,padded_control,6,encoder_block_6,-0.20132803916931152,-2.377537488937378,-2.1762094497680664
informationbaz_random_4,informationbaz,random,4,168216,1381477,padded_control,7,encoder_block_7,-0.14275550842285156,-2.531928062438965,-2.3891725540161133
informationbaz_random_4,informationbaz,random,4,168216,1381477,padded_control,8,encoder_block_8,-0.07193398475646973,-2.46822190284729,-2.3962879180908203
informationbaz_random_4,informationbaz,random,4,168216,1381477,padded_control,9,encoder_block_9,0.22813796997070312,-2.078458309173584,-2.306596279144287
informationbaz_random_4,informationbaz,random,4,168216,1381477,padded_control,10,encoder_block_10,0.39084577560424805,-2.3018369674682617,-2.6926827430725098
informationbaz_random_4,informationbaz,random,4,168216,1381477,padded_control,11,encoder_block_11,1.7414255142211914,-3.5644683837890625,-5.305893898010254
informationbaz_random_4,informationbaz,random,4,168216,1381477,padded_control,12,encoder_block_12,4.771406173706055,-9.78687572479248,-14.558281898498535
informationbaz_random_4,informationbaz,random,4,168216,1381477,attack,0,embedding,-0.3833470344543457,-2.5001344680786133,-2.1167874336242676
informationbaz_random_4,informationbaz,random,4,168216,1381477,attack,1,encoder_block_1,-0.5834312438964844,-3.014514207839966,-2.4310829639434814
informationbaz_random_4,informationbaz,random,4,168216,1381477,attack,2,encoder_block_2,-0.4531974792480469,-2.470691680908203,-2.0174942016601562
informationbaz_random_4,informationbaz,random,4,168216,1381477,attack,3,encoder_block_3,-0.2344292402267456,-2.2244210243225098,-1.9899917840957642
informationbaz_random_4,informationbaz,random,4,168216,1381477,attack,4,encoder_block_4,-0.25232625007629395,-2.37420916557312,-2.121882915496826
informationbaz_random_4,informationbaz,random,4,168216,1381477,attack,5,encoder_block_5,-0.30458903312683105,-2.1261792182922363,-1.8215901851654053
informationbaz_random_4,informationbaz,random,4,168216,1381477,attack,6,encoder_block_6,-0.3764837980270386,-1.9169260263442993,-1.5404422283172607
informationbaz_random_4,informationbaz,random,4,168216,1381477,attack,7,encoder_block_7,-0.3456597328186035,-2.09287166595459,-1.7472119331359863
informationbaz_random_4,informationbaz,random,4,168216,1381477,attack,8,encoder_block_8,-0.25635838508605957,-2.0683517456054688,-1.8119933605194092
informationbaz_random_4,informationbaz,random,4,168216,1381477,attack,9,encoder_block_9,0.006600618362426758,-1.7760024070739746,-1.7826030254364014
informationbaz_random_4,informationbaz,random,4,168216,1381477,attack,10,encoder_block_10,0.23985981941223145,-2.0222742557525635,-2.262134075164795
informationbaz_random_4,informationbaz,random,4,168216,1381477,attack,11,encoder_block_11,1.7141947746276855,-2.9322710037231445,-4.64646577835083
informationbaz_random_4,informationbaz,random,4,168216,1381477,attack,12,encoder_block_12,4.725090026855469,-9.450782775878906,-14.175872802734375
informationbaz_random_4,informationbaz,random,4,182539,57444,original,0,embedding,0.8517675399780273,-3.7356061935424805,-4.587373733520508
informationbaz_random_4,informationbaz,random,4,182539,57444,original,1,encoder_block_1,0.18636655807495117,-3.0657148361206055,-3.2520813941955566
informationbaz_random_4,informationbaz,random,4,182539,57444,original,2,encoder_block_2,0.4431185722351074,-2.785964012145996,-3.2290825843811035
informationbaz_random_4,informationbaz,random,4,182539,57444,original,3,encoder_block_3,0.3264658451080322,-2.341569662094116,-2.6680355072021484
informationbaz_random_4,informationbaz,random,4,182539,57444,original,4,encoder_block_4,0.3077521324157715,-1.9819402694702148,-2.2896924018859863
informationbaz_random_4,informationbaz,random,4,182539,57444,original,5,encoder_block_5,0.16559576988220215,-1.5860092639923096,-1.7516050338745117
informationbaz_random_4,informationbaz,random,4,182539,57444,original,6,encoder_block_6,-0.02590024471282959,-1.9041149616241455,-1.878214716911316
informationbaz_random_4,informationbaz,random,4,182539,57444,original,7,encoder_block_7,-0.007994890213012695,-2.4062910079956055,-2.3982961177825928
informationbaz_random_4,informationbaz,random,4,182539,57444,original,8,encoder_block_8,0.11789917945861816,-2.556943655014038,-2.6748428344726562
informationbaz_random_4,informationbaz,random,4,182539,57444,original,9,encoder_block_9,0.20027756690979004,-2.0933218002319336,-2.2935993671417236
informationbaz_random_4,informationbaz,random,4,182539,57444,original,10,encoder_block_10,0.40549230575561523,-2.2974491119384766,-2.702941417694092
informationbaz_random_4,informationbaz,random,4,182539,57444,original,11,encoder_block_11,1.2528843879699707,-1.9065918922424316,-3.1594762802124023
informationbaz_random_4,informationbaz,random,4,182539,57444,original,12,encoder_block_12,3.517923355102539,-3.968496322631836,-7.486419677734375
informationbaz_random_4,informationbaz,random,4,182539,57444,padded_control,0,embedding,0.8517663478851318,-3.7356059551239014,-4.587372303009033
informationbaz_random_4,informationbaz,random,4,182539,57444,padded_control,1,encoder_block_1,0.17458629608154297,-3.1137261390686035,-3.2883124351501465
informationbaz_random_4,informationbaz,random,4,182539,57444,padded_control,2,encoder_block_2,0.407346248626709,-2.8205409049987793,-3.2278871536254883
informationbaz_random_4,informationbaz,random,4,182539,57444,padded_control,3,encoder_block_3,0.3214867115020752,-2.3998308181762695,-2.7213175296783447
informationbaz_random_4,informationbaz,random,4,182539,57444,padded_control,4,encoder_block_4,0.31758546829223633,-2.0105180740356445,-2.328103542327881
informationbaz_random_4,informationbaz,random,4,182539,57444,padded_control,5,encoder_block_5,0.14768576622009277,-1.6114089488983154,-1.7590947151184082
informationbaz_random_4,informationbaz,random,4,182539,57444,padded_control,6,encoder_block_6,-0.05215895175933838,-1.92600417137146,-1.8738452196121216
informationbaz_random_4,informationbaz,random,4,182539,57444,padded_control,7,encoder_block_7,-0.03721046447753906,-2.424192190170288,-2.386981725692749
informationbaz_random_4,informationbaz,random,4,182539,57444,padded_control,8,encoder_block_8,0.09528899192810059,-2.6235103607177734,-2.718799352645874
informationbaz_random_4,informationbaz,random,4,182539,57444,padded_control,9,encoder_block_9,0.21679139137268066,-2.1386666297912598,-2.3554580211639404
informationbaz_random_4,informationbaz,random,4,182539,57444,padded_control,10,encoder_block_10,0.4367544651031494,-2.360199213027954,-2.7969536781311035
informationbaz_random_4,informationbaz,random,4,182539,57444,padded_control,11,encoder_block_11,1.2943781614303589,-1.9225820302963257,-3.2169601917266846
informationbaz_random_4,informationbaz,random,4,182539,57444,padded_control,12,encoder_block_12,3.7688302993774414,-5.083924293518066,-8.852754592895508
informationbaz_random_4,informationbaz,random,4,182539,57444,attack,0,embedding,0.6238927841186523,-4.195329666137695,-4.819222450256348
informationbaz_random_4,informationbaz,random,4,182539,57444,attack,1,encoder_block_1,0.03687572479248047,-3.4985485076904297,-3.53542423248291
informationbaz_random_4,informationbaz,random,4,182539,57444,attack,2,encoder_block_2,0.2707209587097168,-2.711306571960449,-2.982027530670166
informationbaz_random_4,informationbaz,random,4,182539,57444,attack,3,encoder_block_3,0.1917877197265625,-2.223910093307495,-2.4156978130340576
informationbaz_random_4,informationbaz,random,4,182539,57444,attack,4,encoder_block_4,0.11272501945495605,-1.4617879390716553,-1.5745129585266113
informationbaz_random_4,informationbaz,random,4,182539,57444,attack,5,encoder_block_5,-0.003823399543762207,-1.0359326601028442,-1.032109260559082
informationbaz_random_4,informationbaz,random,4,182539,57444,attack,6,encoder_block_6,-0.08762764930725098,-1.197871208190918,-1.110243558883667
informationbaz_random_4,informationbaz,random,4,182539,57444,attack,7,encoder_block_7,-0.02339351177215576,-1.651172161102295,-1.6277786493301392
informationbaz_random_4,informationbaz,random,4,182539,57444,attack,8,encoder_block_8,0.1350468397140503,-1.964375376701355,-2.0994222164154053
informationbaz_random_4,informationbaz,random,4,182539,57444,attack,9,encoder_block_9,0.24318981170654297,-1.6916091442108154,-1.9347989559173584
informationbaz_random_4,informationbaz,random,4,182539,57444,attack,10,encoder_block_10,0.5134985446929932,-1.934159278869629,-2.447657823562622
informationbaz_random_4,informationbaz,random,4,182539,57444,attack,11,encoder_block_11,1.234960675239563,-1.5065950155258179,-2.741555690765381
informationbaz_random_4,informationbaz,random,4,182539,57444,attack,12,encoder_block_12,3.1168909072875977,-2.48738956451416,-5.604280471801758
informationbaz_random_4,informationbaz,random,4,183378,2533260,original,0,embedding,0.6351041793823242,-3.929323196411133,-4.564427375793457
informationbaz_random_4,informationbaz,random,4,183378,2533260,original,1,encoder_block_1,0.2898142337799072,-3.3188605308532715,-3.6086747646331787
informationbaz_random_4,informationbaz,random,4,183378,2533260,original,2,encoder_block_2,0.17178606986999512,-3.257272720336914,-3.429058790206909
informationbaz_random_4,informationbaz,random,4,183378,2533260,original,3,encoder_block_3,0.05348396301269531,-3.3188233375549316,-3.372307300567627
informationbaz_random_4,informationbaz,random,4,183378,2533260,original,4,encoder_block_4,0.03025507926940918,-3.2291758060455322,-3.2594308853149414
informationbaz_random_4,informationbaz,random,4,183378,2533260,original,5,encoder_block_5,0.052867889404296875,-2.923476219177246,-2.976344108581543
informationbaz_random_4,informationbaz,random,4,183378,2533260,original,6,encoder_block_6,0.09809541702270508,-2.7006797790527344,-2.7987751960754395
informationbaz_random_4,informationbaz,random,4,183378,2533260,original,7,encoder_block_7,0.021141529083251953,-3.2232913970947266,-3.2444329261779785
informationbaz_random_4,informationbaz,random,4,183378,2533260,original,8,encoder_block_8,-0.02661275863647461,-3.4219956398010254,-3.395382881164551
informationbaz_random_4,informationbaz,random,4,183378,2533260,original,9,encoder_block_9,0.23806262016296387,-2.981353759765625,-3.219416379928589
informationbaz_random_4,informationbaz,random,4,183378,2533260,original,10,encoder_block_10,0.3554348945617676,-2.846529006958008,-3.2019639015197754
informationbaz_random_4,informationbaz,random,4,183378,2533260,original,11,encoder_block_11,-0.07258224487304688,-1.1648242473602295,-1.0922420024871826
informationbaz_random_4,informationbaz,random,4,183378,2533260,original,12,encoder_block_12,-7.711319923400879,-23.119659423828125,-15.408339500427246
informationbaz_random_4,informationbaz,random,4,183378,2533260,padded_control,0,embedding,0.6351032257080078,-3.929324150085449,-4.564427375793457
informationbaz_random_4,informationbaz,random,4,183378,2533260,padded_control,1,encoder_block_1,0.30315613746643066,-3.307492256164551,-3.6106483936309814
informationbaz_random_4,informationbaz,random,4,183378,2533260,padded_control,2,encoder_block_2,0.18713879585266113,-3.2316014766693115,-3.4187402725219727
informationbaz_random_4,informationbaz,random,4,183378,2533260,padded_control,3,encoder_block_3,0.07130074501037598,-3.272202730178833,-3.343503475189209
informationbaz_random_4,informationbaz,random,4,183378,2533260,padded_control,4,encoder_block_4,0.05393171310424805,-3.1805148124694824,-3.2344465255737305
informationbaz_random_4,informationbaz,random,4,183378,2533260,padded_control,5,encoder_block_5,0.07541012763977051,-2.889998435974121,-2.9654085636138916
informationbaz_random_4,informationbaz,random,4,183378,2533260,padded_control,6,encoder_block_6,0.12144804000854492,-2.6647119522094727,-2.7861599922180176
informationbaz_random_4,informationbaz,random,4,183378,2533260,padded_control,7,encoder_block_7,0.041863441467285156,-3.17842435836792,-3.220287799835205
informationbaz_random_4,informationbaz,random,4,183378,2533260,padded_control,8,encoder_block_8,-0.01825690269470215,-3.401580572128296,-3.3833236694335938
informationbaz_random_4,informationbaz,random,4,183378,2533260,padded_control,9,encoder_block_9,0.26863646507263184,-2.9450016021728516,-3.2136380672454834
informationbaz_random_4,informationbaz,random,4,183378,2533260,padded_control,10,encoder_block_10,0.3890864849090576,-2.803722381591797,-3.1928088665008545
informationbaz_random_4,informationbaz,random,4,183378,2533260,padded_control,11,encoder_block_11,0.07220458984375,-1.1821579933166504,-1.2543625831604004
informationbaz_random_4,informationbaz,random,4,183378,2533260,padded_control,12,encoder_block_12,-6.71954345703125,-22.379718780517578,-15.660175323486328
informationbaz_random_4,informationbaz,random,4,183378,2533260,attack,0,embedding,0.5648350715637207,-4.364534378051758,-4.9293694496154785
informationbaz_random_4,informationbaz,random,4,183378,2533260,attack,1,encoder_block_1,0.3913004398345947,-3.381776809692383,-3.7730772495269775
informationbaz_random_4,informationbaz,random,4,183378,2533260,attack,2,encoder_block_2,0.20801734924316406,-2.933368682861328,-3.141386032104492
informationbaz_random_4,informationbaz,random,4,183378,2533260,attack,3,encoder_block_3,0.15861773490905762,-2.811657428741455,-2.9702751636505127
informationbaz_random_4,informationbaz,random,4,183378,2533260,attack,4,encoder_block_4,0.1310253143310547,-2.5440268516540527,-2.6750521659851074
informationbaz_random_4,informationbaz,random,4,183378,2533260,attack,5,encoder_block_5,0.19243955612182617,-2.2407994270324707,-2.433238983154297
informationbaz_random_4,informationbaz,random,4,183378,2533260,attack,6,encoder_block_6,0.22416019439697266,-2.015943765640259,-2.2401039600372314
informationbaz_random_4,informationbaz,random,4,183378,2533260,attack,7,encoder_block_7,0.17596912384033203,-2.57781982421875,-2.753788948059082
informationbaz_random_4,informationbaz,random,4,183378,2533260,attack,8,encoder_block_8,0.14527416229248047,-2.7505035400390625,-2.895777702331543
informationbaz_random_4,informationbaz,random,4,183378,2533260,attack,9,encoder_block_9,0.384641170501709,-2.4538516998291016,-2.8384928703308105
informationbaz_random_4,informationbaz,random,4,183378,2533260,attack,10,encoder_block_10,0.5316154956817627,-2.3799474239349365,-2.911562919616699
informationbaz_random_4,informationbaz,random,4,183378,2533260,attack,11,encoder_block_11,0.6980552673339844,-1.2561601400375366,-1.954215407371521
informationbaz_random_4,informationbaz,random,4,183378,2533260,attack,12,encoder_block_12,-5.624256134033203,-20.87407684326172,-15.249820709228516
informationbaz_random_4,informationbaz,random,4,19335,8412687,original,0,embedding,1.1026735305786133,-6.716404438018799,-7.819077968597412
informationbaz_random_4,informationbaz,random,4,19335,8412687,original,1,encoder_block_1,1.1886119842529297,-7.639101028442383,-8.827713012695312
informationbaz_random_4,informationbaz,random,4,19335,8412687,original,2,encoder_block_2,1.3699102401733398,-6.5252275466918945,-7.895137786865234
informationbaz_random_4,informationbaz,random,4,19335,8412687,original,3,encoder_block_3,1.4117770195007324,-5.128526210784912,-6.5403032302856445
informationbaz_random_4,informationbaz,random,4,19335,8412687,original,4,encoder_block_4,1.5114059448242188,-5.1671295166015625,-6.678535461425781
informationbaz_random_4,informationbaz,random,4,19335,8412687,original,5,encoder_block_5,1.4916033744812012,-5.103529453277588,-6.595132827758789
informationbaz_random_4,informationbaz,random,4,19335,8412687,original,6,encoder_block_6,1.4870867729187012,-4.849148273468018,-6.336235046386719
informationbaz_random_4,informationbaz,random,4,19335,8412687,original,7,encoder_block_7,1.6385631561279297,-4.671873092651367,-6.310436248779297
informationbaz_random_4,informationbaz,random,4,19335,8412687,original,8,encoder_block_8,1.6945128440856934,-4.234698295593262,-5.929211139678955
informationbaz_random_4,informationbaz,random,4,19335,8412687,original,9,encoder_block_9,1.507643699645996,-3.348635673522949,-4.856279373168945
informationbaz_random_4,informationbaz,random,4,19335,8412687,original,10,encoder_block_10,1.340137004852295,-3.30059814453125,-4.640735149383545
informationbaz_random_4,informationbaz,random,4,19335,8412687,original,11,encoder_block_11,0.8486737012863159,-1.7324148416519165,-2.5810885429382324
informationbaz_random_4,informationbaz,random,4,19335,8412687,original,12,encoder_block_12,-5.226619720458984,-18.546825408935547,-13.320205688476562
informationbaz_random_4,informationbaz,random,4,19335,8412687,padded_control,0,embedding,1.1026725769042969,-6.71640682220459,-7.819079399108887
informationbaz_random_4,informationbaz,random,4,19335,8412687,padded_control,1,encoder_block_1,1.1904878616333008,-7.611081123352051,-8.801568984985352
informationbaz_random_4,informationbaz,random,4,19335,8412687,padded_control,2,encoder_block_2,1.3789587020874023,-6.464911460876465,-7.843870162963867
informationbaz_random_4,informationbaz,random,4,19335,8412687,padded_control,3,encoder_block_3,1.4192028045654297,-5.063486099243164,-6.482688903808594
informationbaz_random_4,informationbaz,random,4,19335,8412687,padded_control,4,encoder_block_4,1.5102086067199707,-5.0884857177734375,-6.598694324493408
informationbaz_random_4,informationbaz,random,4,19335,8412687,padded_control,5,encoder_block_5,1.4870071411132812,-5.008261680603027,-6.495268821716309
informationbaz_random_4,informationbaz,random,4,19335,8412687,padded_control,6,encoder_block_6,1.4694757461547852,-4.779919147491455,-6.24939489364624
informationbaz_random_4,informationbaz,random,4,19335,8412687,padded_control,7,encoder_block_7,1.6104426383972168,-4.622894763946533,-6.23333740234375
informationbaz_random_4,informationbaz,random,4,19335,8412687,padded_control,8,encoder_block_8,1.6619009971618652,-4.2372212409973145,-5.89912223815918
informationbaz_random_4,informationbaz,random,4,19335,8412687,padded_control,9,encoder_block_9,1.5077447891235352,-3.4036388397216797,-4.911383628845215
informationbaz_random_4,informationbaz,random,4,19335,8412687,padded_control,10,encoder_block_10,1.3090145587921143,-3.305645227432251,-4.614659786224365
informationbaz_random_4,informationbaz,random,4,19335,8412687,padded_control,11,encoder_block_11,0.7823047637939453,-1.720506191253662,-2.5028109550476074
informationbaz_random_4,informationbaz,random,4,19335,8412687,padded_control,12,encoder_block_12,-5.598968505859375,-19.871519088745117,-14.272550582885742
informationbaz_random_4,informationbaz,random,4,19335,8412687,attack,0,embedding,0.9650859832763672,-6.8323974609375,-7.797483444213867
informationbaz_random_4,informationbaz,random,4,19335,8412687,attack,1,encoder_block_1,0.9254426956176758,-7.200315475463867,-8.125758171081543
informationbaz_random_4,informationbaz,random,4,19335,8412687,attack,2,encoder_block_2,1.1783905029296875,-5.880680561065674,-7.059071063995361
informationbaz_random_4,informationbaz,random,4,19335,8412687,attack,3,encoder_block_3,1.365616798400879,-4.4397125244140625,-5.805329322814941
informationbaz_random_4,informationbaz,random,4,19335,8412687,attack,4,encoder_block_4,1.3891921043395996,-4.084603786468506,-5.4737958908081055
informationbaz_random_4,informationbaz,random,4,19335,8412687,attack,5,encoder_block_5,1.4863877296447754,-4.135104179382324,-5.6214919090271
informationbaz_random_4,informationbaz,random,4,19335,8412687,attack,6,encoder_block_6,1.4866204261779785,-3.842374801635742,-5.328995227813721
informationbaz_random_4,informationbaz,random,4,19335,8412687,attack,7,encoder_block_7,1.6335914134979248,-3.6409761905670166,-5.274567604064941
informationbaz_random_4,informationbaz,random,4,19335,8412687,attack,8,encoder_block_8,1.8031346797943115,-3.388270139694214,-5.191404819488525
informationbaz_random_4,informationbaz,random,4,19335,8412687,attack,9,encoder_block_9,1.6289753913879395,-2.8145337104797363,-4.443509101867676
informationbaz_random_4,informationbaz,random,4,19335,8412687,attack,10,encoder_block_10,1.267568588256836,-3.015658378601074,-4.28322696685791
informationbaz_random_4,informationbaz,random,4,19335,8412687,attack,11,encoder_block_11,0.1697770357131958,-1.8851343393325806,-2.0549113750457764
informationbaz_random_4,informationbaz,random,4,19335,8412687,attack,12,encoder_block_12,-8.788878440856934,-24.205154418945312,-15.416275978088379
informationbaz_random_4,informationbaz,random,4,207786,8273763,original,0,embedding,0.9972248077392578,-2.933030128479004,-3.9302549362182617
informationbaz_random_4,informationbaz,random,4,207786,8273763,original,1,encoder_block_1,0.6329596042633057,-3.433915853500366,-4.066875457763672
informationbaz_random_4,informationbaz,random,4,207786,8273763,original,2,encoder_block_2,0.5760855674743652,-4.174168109893799,-4.750253677368164
informationbaz_random_4,informationbaz,random,4,207786,8273763,original,3,encoder_block_3,0.6168131828308105,-3.732095241546631,-4.348908424377441
informationbaz_random_4,informationbaz,random,4,207786,8273763,original,4,encoder_block_4,0.6877720355987549,-3.304856538772583,-3.992628574371338
informationbaz_random_4,informationbaz,random,4,207786,8273763,original,5,encoder_block_5,0.7267248630523682,-2.837786912918091,-3.564511775970459
informationbaz_random_4,informationbaz,random,4,207786,8273763,original,6,encoder_block_6,0.6738314628601074,-2.8534064292907715,-3.527237892150879
informationbaz_random_4,informationbaz,random,4,207786,8273763,original,7,encoder_block_7,0.7699854373931885,-2.6928651332855225,-3.462850570678711
informationbaz_random_4,informationbaz,random,4,207786,8273763,original,8,encoder_block_8,0.8054978847503662,-3.2247936725616455,-4.030291557312012
informationbaz_random_4,informationbaz,random,4,207786,8273763,original,9,encoder_block_9,0.9049434661865234,-3.3345584869384766,-4.239501953125
informationbaz_random_4,informationbaz,random,4,207786,8273763,original,10,encoder_block_10,0.8308079242706299,-3.288461446762085,-4.119269371032715
informationbaz_random_4,informationbaz,random,4,207786,8273763,original,11,encoder_block_11,2.1363027095794678,-3.380645990371704,-5.516948699951172
informationbaz_random_4,informationbaz,random,4,207786,8273763,original,12,encoder_block_12,4.530658721923828,-9.574747085571289,-14.105405807495117
informationbaz_random_4,informationbaz,random,4,207786,8273763,padded_control,0,embedding,0.9972250461578369,-2.933030366897583,-3.93025541305542
informationbaz_random_4,informationbaz,random,4,207786,8273763,padded_control,1,encoder_block_1,0.6279592514038086,-3.4607906341552734,-4.088749885559082
informationbaz_random_4,informationbaz,random,4,207786,8273763,padded_control,2,encoder_block_2,0.5681362152099609,-4.226448059082031,-4.794584274291992
informationbaz_random_4,informationbaz,random,4,207786,8273763,padded_control,3,encoder_block_3,0.6067361831665039,-3.793010711669922,-4.399746894836426
informationbaz_random_4,informationbaz,random,4,207786,8273763,padded_control,4,encoder_block_4,0.6928544044494629,-3.3440451622009277,-4.036899566650391
informationbaz_random_4,informationbaz,random,4,207786,8273763,padded_control,5,encoder_block_5,0.7435801029205322,-2.836052417755127,-3.579632520675659
informationbaz_random_4,informationbaz,random,4,207786,8273763,padded_control,6,encoder_block_6,0.6847226619720459,-2.85925030708313,-3.543972969055176
informationbaz_random_4,informationbaz,random,4,207786,8273763,padded_control,7,encoder_block_7,0.7881946563720703,-2.714977741241455,-3.5031723976135254
informationbaz_random_4,informationbaz,random,4,207786,8273763,padded_control,8,encoder_block_8,0.783257246017456,-3.228285074234009,-4.011542320251465
informationbaz_random_4,informationbaz,random,4,207786,8273763,padded_control,9,encoder_block_9,0.9048707485198975,-3.3335039615631104,-4.238374710083008
informationbaz_random_4,informationbaz,random,4,207786,8273763,padded_control,10,encoder_block_10,0.8318085670471191,-3.2685294151306152,-4.100337982177734
informationbaz_random_4,informationbaz,random,4,207786,8273763,padded_control,11,encoder_block_11,2.1112687587738037,-3.3189022541046143,-5.430171012878418
informationbaz_random_4,informationbaz,random,4,207786,8273763,padded_control,12,encoder_block_12,4.4327592849731445,-9.013114929199219,-13.445874214172363
informationbaz_random_4,informationbaz,random,4,207786,8273763,attack,0,embedding,0.8106203079223633,-3.2752246856689453,-4.085844993591309
informationbaz_random_4,informationbaz,random,4,207786,8273763,attack,1,encoder_block_1,0.5474469661712646,-3.524829149246216,-4.0722761154174805
informationbaz_random_4,informationbaz,random,4,207786,8273763,attack,2,encoder_block_2,0.41692185401916504,-3.8198468685150146,-4.23676872253418
informationbaz_random_4,informationbaz,random,4,207786,8273763,attack,3,encoder_block_3,0.3905184268951416,-3.209237813949585,-3.5997562408447266
informationbaz_random_4,informationbaz,random,4,207786,8273763,attack,4,encoder_block_4,0.5173544883728027,-2.4826600551605225,-3.000014543533325
informationbaz_random_4,informationbaz,random,4,207786,8273763,attack,5,encoder_block_5,0.687653660774231,-1.8002732992172241,-2.487926959991455
informationbaz_random_4,informationbaz,random,4,207786,8273763,attack,6,encoder_block_6,0.6605496406555176,-1.7042322158813477,-2.3647818565368652
informationbaz_random_4,informationbaz,random,4,207786,8273763,attack,7,encoder_block_7,0.8326252698898315,-1.7152200937271118,-2.5478453636169434
informationbaz_random_4,informationbaz,random,4,207786,8273763,attack,8,encoder_block_8,0.8364236354827881,-2.248911142349243,-3.0853347778320312
informationbaz_random_4,informationbaz,random,4,207786,8273763,attack,9,encoder_block_9,0.8735747337341309,-2.567396640777588,-3.4409713745117188
informationbaz_random_4,informationbaz,random,4,207786,8273763,attack,10,encoder_block_10,0.7442586421966553,-2.7626523971557617,-3.506911039352417
informationbaz_random_4,informationbaz,random,4,207786,8273763,attack,11,encoder_block_11,1.8051867485046387,-2.8270630836486816,-4.63224983215332
informationbaz_random_4,informationbaz,random,4,207786,8273763,attack,12,encoder_block_12,4.049618244171143,-6.985719203948975,-11.035337448120117
informationbaz_random_4,informationbaz,random,4,264014,5611210,original,0,embedding,0.20724153518676758,-4.429309368133545,-4.6365509033203125
informationbaz_random_4,informationbaz,random,4,264014,5611210,original,1,encoder_block_1,0.2824430465698242,-4.326485633850098,-4.608928680419922
informationbaz_random_4,informationbaz,random,4,264014,5611210,original,2,encoder_block_2,0.5391459465026855,-3.8513145446777344,-4.39046049118042
informationbaz_random_4,informationbaz,random,4,264014,5611210,original,3,encoder_block_3,0.8037543296813965,-3.1495718955993652,-3.9533262252807617
informationbaz_random_4,informationbaz,random,4,264014,5611210,original,4,encoder_block_4,1.1867985725402832,-2.9824628829956055,-4.169261455535889
informationbaz_random_4,informationbaz,random,4,264014,5611210,original,5,encoder_block_5,1.0937206745147705,-2.773902416229248,-3.8676230907440186
informationbaz_random_4,informationbaz,random,4,264014,5611210,original,6,encoder_block_6,0.9023098945617676,-2.78521466255188,-3.6875245571136475
informationbaz_random_4,informationbaz,random,4,264014,5611210,original,7,encoder_block_7,0.9688704013824463,-2.804964065551758,-3.773834466934204
informationbaz_random_4,informationbaz,random,4,264014,5611210,original,8,encoder_block_8,0.9752986431121826,-2.617605209350586,-3.5929038524627686
informationbaz_random_4,informationbaz,random,4,264014,5611210,original,9,encoder_block_9,0.8644800186157227,-2.3120226860046387,-3.1765027046203613
informationbaz_random_4,informationbaz,random,4,264014,5611210,original,10,encoder_block_10,0.8236327171325684,-2.3136239051818848,-3.137256622314453
informationbaz_random_4,informationbaz,random,4,264014,5611210,original,11,encoder_block_11,1.599168300628662,-2.411212921142578,-4.01038122177124
informationbaz_random_4,informationbaz,random,4,264014,5611210,original,12,encoder_block_12,2.977891683578491,-2.343139886856079,-5.32103157043457
informationbaz_random_4,informationbaz,random,4,264014,5611210,padded_control,0,embedding,0.20724201202392578,-4.429309844970703,-4.636551856994629
informationbaz_random_4,informationbaz,random,4,264014,5611210,padded_control,1,encoder_block_1,0.2705717086791992,-4.323393821716309,-4.593965530395508
informationbaz_random_4,informationbaz,random,4,264014,5611210,padded_control,2,encoder_block_2,0.52374267578125,-3.8294782638549805,-4.3532209396362305
informationbaz_random_4,informationbaz,random,4,264014,5611210,padded_control,3,encoder_block_3,0.79034423828125,-3.159212827682495,-3.949557065963745
informationbaz_random_4,informationbaz,random,4,264014,5611210,padded_control,4,encoder_block_4,1.1707873344421387,-2.9897589683532715,-4.16054630279541
informationbaz_random_4,informationbaz,random,4,264014,5611210,padded_control,5,encoder_block_5,1.0802271366119385,-2.7877604961395264,-3.867987632751465
informationbaz_random_4,informationbaz,random,4,264014,5611210,padded_control,6,encoder_block_6,0.896329402923584,-2.7897024154663086,-3.6860318183898926
informationbaz_random_4,informationbaz,random,4,264014,5611210,padded_control,7,encoder_block_7,0.9646883010864258,-2.813835620880127,-3.7785239219665527
informationbaz_random_4,informationbaz,random,4,264014,5611210,padded_control,8,encoder_block_8,0.9638042449951172,-2.6177144050598145,-3.5815186500549316
informationbaz_random_4,informationbaz,random,4,264014,5611210,padded_control,9,encoder_block_9,0.8548717498779297,-2.3155574798583984,-3.170429229736328
informationbaz_random_4,informationbaz,random,4,264014,5611210,padded_control,10,encoder_block_10,0.8086333274841309,-2.2985386848449707,-3.1071720123291016
informationbaz_random_4,informationbaz,random,4,264014,5611210,padded_control,11,encoder_block_11,1.5472264289855957,-2.36055850982666,-3.907784938812256
informationbaz_random_4,informationbaz,random,4,264014,5611210,padded_control,12,encoder_block_12,2.9564054012298584,-2.2618496417999268,-5.218255043029785
informationbaz_random_4,informationbaz,random,4,264014,5611210,attack,0,embedding,0.054605960845947266,-4.585824966430664,-4.640430927276611
informationbaz_random_4,informationbaz,random,4,264014,5611210,attack,1,encoder_block_1,0.20685577392578125,-3.934682846069336,-4.141538619995117
informationbaz_random_4,informationbaz,random,4,264014,5611210,attack,2,encoder_block_2,0.35328054428100586,-3.4584312438964844,-3.8117117881774902
informationbaz_random_4,informationbaz,random,4,264014,5611210,attack,3,encoder_block_3,0.6722044944763184,-2.7866830825805664,-3.4588875770568848
informationbaz_random_4,informationbaz,random,4,264014,5611210,attack,4,encoder_block_4,1.0009033679962158,-2.5153040885925293,-3.516207456588745
informationbaz_random_4,informationbaz,random,4,264014,5611210,attack,5,encoder_block_5,0.9969217777252197,-2.331655263900757,-3.3285770416259766
informationbaz_random_4,informationbaz,random,4,264014,5611210,attack,6,encoder_block_6,0.8260073661804199,-2.286628246307373,-3.112635612487793
informationbaz_random_4,informationbaz,random,4,264014,5611210,attack,7,encoder_block_7,0.886683464050293,-2.448547840118408,-3.335231304168701
informationbaz_random_4,informationbaz,random,4,264014,5611210,attack,8,encoder_block_8,0.9659428596496582,-2.0926907062530518,-3.05863356590271
informationbaz_random_4,informationbaz,random,4,264014,5611210,attack,9,encoder_block_9,0.896721363067627,-1.9641740322113037,-2.8608953952789307
informationbaz_random_4,informationbaz,random,4,264014,5611210,attack,10,encoder_block_10,0.8609075546264648,-2.083341121673584,-2.944248676300049
informationbaz_random_4,informationbaz,random,4,264014,5611210,attack,11,encoder_block_11,1.5140557289123535,-2.258272171020508,-3.7723278999328613
informationbaz_random_4,informationbaz,random,4,264014,5611210,attack,12,encoder_block_12,2.8608932495117188,-1.9745912551879883,-4.835484504699707
informationbaz_random_4,informationbaz,random,4,359349,68649,original,0,embedding,0.7303218841552734,-3.5257883071899414,-4.256110191345215
informationbaz_random_4,informationbaz,random,4,359349,68649,original,1,encoder_block_1,0.7686491012573242,-3.609126091003418,-4.377775192260742
informationbaz_random_4,informationbaz,random,4,359349,68649,original,2,encoder_block_2,0.7787563800811768,-2.966001510620117,-3.744757890701294
informationbaz_random_4,informationbaz,random,4,359349,68649,original,3,encoder_block_3,0.6439268589019775,-2.4418282508850098,-3.0857551097869873
informationbaz_random_4,informationbaz,random,4,359349,68649,original,4,encoder_block_4,0.824590802192688,-1.939552664756775,-2.764143466949463
informationbaz_random_4,informationbaz,random,4,359349,68649,original,5,encoder_block_5,1.004551887512207,-1.8349251747131348,-2.839477062225342
informationbaz_random_4,informationbaz,random,4,359349,68649,original,6,encoder_block_6,0.9628387689590454,-1.6536439657211304,-2.616482734680176
informationbaz_random_4,informationbaz,random,4,359349,68649,original,7,encoder_block_7,0.8723124265670776,-1.7683149576187134,-2.640627384185791
informationbaz_random_4,informationbaz,random,4,359349,68649,original,8,encoder_block_8,0.8471852540969849,-1.9910229444503784,-2.8382081985473633
informationbaz_random_4,informationbaz,random,4,359349,68649,original,9,encoder_block_9,1.0588047504425049,-1.7109339237213135,-2.7697386741638184
informationbaz_random_4,informationbaz,random,4,359349,68649,original,10,encoder_block_10,1.3809943199157715,-2.276948928833008,-3.6579432487487793
informationbaz_random_4,informationbaz,random,4,359349,68649,original,11,encoder_block_11,2.5883140563964844,-3.840325355529785,-6.4286394119262695
informationbaz_random_4,informationbaz,random,4,359349,68649,original,12,encoder_block_12,5.095371246337891,-11.75412368774414,-16.84949493408203
informationbaz_random_4,informationbaz,random,4,359349,68649,padded_control,0,embedding,0.7303216457366943,-3.5257885456085205,-4.256110191345215
informationbaz_random_4,informationbaz,random,4,359349,68649,padded_control,1,encoder_block_1,0.7757854461669922,-3.610690116882324,-4.386475563049316
informationbaz_random_4,informationbaz,random,4,359349,68649,padded_control,2,encoder_block_2,0.7726969718933105,-2.987049102783203,-3.7597460746765137
informationbaz_random_4,informationbaz,random,4,359349,68649,padded_control,3,encoder_block_3,0.6351819038391113,-2.4714412689208984,-3.1066231727600098
informationbaz_random_4,informationbaz,random,4,359349,68649,padded_control,4,encoder_block_4,0.812718391418457,-1.9659409523010254,-2.7786593437194824
informationbaz_random_4,informationbaz,random,4,359349,68649,padded_control,5,encoder_block_5,0.9984396696090698,-1.8495699167251587,-2.8480095863342285
informationbaz_random_4,informationbaz,random,4,359349,68649,padded_control,6,encoder_block_6,0.9587740898132324,-1.650536060333252,-2.6093101501464844
informationbaz_random_4,informationbaz,random,4,359349,68649,padded_control,7,encoder_block_7,0.873404860496521,-1.7882004976272583,-2.6616053581237793
informationbaz_random_4,informationbaz,random,4,359349,68649,padded_control,8,encoder_block_8,0.8271701335906982,-2.0389435291290283,-2.8661136627197266
informationbaz_random_4,informationbaz,random,4,359349,68649,padded_control,9,encoder_block_9,1.0615993738174438,-1.760208249092102,-2.821807622909546
informationbaz_random_4,informationbaz,random,4,359349,68649,padded_control,10,encoder_block_10,1.4046201705932617,-2.276244640350342,-3.6808648109436035
informationbaz_random_4,informationbaz,random,4,359349,68649,padded_control,11,encoder_block_11,2.6304516792297363,-3.9424972534179688,-6.572948932647705
informationbaz_random_4,informationbaz,random,4,359349,68649,padded_control,12,encoder_block_12,5.217935562133789,-12.213529586791992,-17.43146514892578
informationbaz_random_4,informationbaz,random,4,359349,68649,attack,0,embedding,0.4736473560333252,-3.7895562648773193,-4.2632036209106445
informationbaz_random_4,informationbaz,random,4,359349,68649,attack,1,encoder_block_1,0.6258358955383301,-4.0356035232543945,-4.661439418792725
informationbaz_random_4,informationbaz,random,4,359349,68649,attack,2,encoder_block_2,0.6670207977294922,-2.989212989807129,-3.656233787536621
informationbaz_random_4,informationbaz,random,4,359349,68649,attack,3,encoder_block_3,0.5326762199401855,-2.2800207138061523,-2.812696933746338
informationbaz_random_4,informationbaz,random,4,359349,68649,attack,4,encoder_block_4,0.7210094928741455,-1.4938278198242188,-2.2148373126983643
informationbaz_random_4,informationbaz,random,4,359349,68649,attack,5,encoder_block_5,0.9919012784957886,-1.4741724729537964,-2.466073751449585
informationbaz_random_4,informationbaz,random,4,359349,68649,attack,6,encoder_block_6,0.947014331817627,-1.2713046073913574,-2.2183189392089844
informationbaz_random_4,informationbaz,random,4,359349,68649,attack,7,encoder_block_7,0.8670942783355713,-1.4019765853881836,-2.269070863723755
informationbaz_random_4,informationbaz,random,4,359349,68649,attack,8,encoder_block_8,0.9291518926620483,-1.5585874319076538,-2.487739324569702
informationbaz_random_4,informationbaz,random,4,359349,68649,attack,9,encoder_block_9,1.181807518005371,-1.4338140487670898,-2.615621566772461
informationbaz_random_4,informationbaz,random,4,359349,68649,attack,10,encoder_block_10,1.6032440662384033,-1.9525558948516846,-3.555799961090088
informationbaz_random_4,informationbaz,random,4,359349,68649,attack,11,encoder_block_11,2.7264504432678223,-3.680798053741455,-6.407248497009277
informationbaz_random_4,informationbaz,random,4,359349,68649,attack,12,encoder_block_12,5.128013610839844,-11.809179306030273,-16.937192916870117
informationbaz_random_4,informationbaz,random,4,405717,6654655,original,0,embedding,0.7446041107177734,-4.164637088775635,-4.909241199493408
informationbaz_random_4,informationbaz,random,4,405717,6654655,original,1,encoder_block_1,0.6280612945556641,-4.951087951660156,-5.57914924621582
informationbaz_random_4,informationbaz,random,4,405717,6654655,original,2,encoder_block_2,0.7108936309814453,-4.815868377685547,-5.526762008666992
informationbaz_random_4,informationbaz,random,4,405717,6654655,original,3,encoder_block_3,0.7757525444030762,-4.503948211669922,-5.279700756072998
informationbaz_random_4,informationbaz,random,4,405717,6654655,original,4,encoder_block_4,0.8865890502929688,-4.125544548034668,-5.012133598327637
informationbaz_random_4,informationbaz,random,4,405717,6654655,original,5,encoder_block_5,0.8675875663757324,-3.5715389251708984,-4.439126491546631
informationbaz_random_4,informationbaz,random,4,405717,6654655,original,6,encoder_block_6,0.9123425483703613,-3.2597222328186035,-4.172064781188965
informationbaz_random_4,informationbaz,random,4,405717,6654655,original,7,encoder_block_7,0.9837636947631836,-3.5150089263916016,-4.498772621154785
informationbaz_random_4,informationbaz,random,4,405717,6654655,original,8,encoder_block_8,0.9005260467529297,-3.6254873275756836,-4.526013374328613
informationbaz_random_4,informationbaz,random,4,405717,6654655,original,9,encoder_block_9,0.8590638637542725,-3.3931758403778076,-4.25223970413208
informationbaz_random_4,informationbaz,random,4,405717,6654655,original,10,encoder_block_10,0.8508551120758057,-3.8365838527679443,-4.68743896484375
informationbaz_random_4,informationbaz,random,4,405717,6654655,original,11,encoder_block_11,2.6759753227233887,-4.932992935180664,-7.608968257904053
informationbaz_random_4,informationbaz,random,4,405717,6654655,original,12,encoder_block_12,3.670531749725342,-5.061185359954834,-8.731717109680176
informationbaz_random_4,informationbaz,random,4,405717,6654655,padded_control,0,embedding,0.7446050643920898,-4.164636611938477,-4.909241676330566
informationbaz_random_4,informationbaz,random,4,405717,6654655,padded_control,1,encoder_block_1,0.6036701202392578,-4.968809127807617,-5.572479248046875
informationbaz_random_4,informationbaz,random,4,405717,6654655,padded_control,2,encoder_block_2,0.6665687561035156,-4.893646240234375,-5.560214996337891
informationbaz_random_4,informationbaz,random,4,405717,6654655,padded_control,3,encoder_block_3,0.7109289169311523,-4.518083572387695,-5.229012489318848
informationbaz_random_4,informationbaz,random,4,405717,6654655,padded_control,4,encoder_block_4,0.823796272277832,-4.099239349365234,-4.923035621643066
informationbaz_random_4,informationbaz,random,4,405717,6654655,padded_control,5,encoder_block_5,0.78472900390625,-3.488327980041504,-4.273056983947754
informationbaz_random_4,informationbaz,random,4,405717,6654655,padded_control,6,encoder_block_6,0.8343114852905273,-3.205962657928467,-4.040274143218994
informationbaz_random_4,informationbaz,random,4,405717,6654655,padded_control,7,encoder_block_7,0.9244844913482666,-3.510436773300171,-4.4349212646484375
informationbaz_random_4,informationbaz,random,4,405717,6654655,padded_control,8,encoder_block_8,0.8779969215393066,-3.634913921356201,-4.512910842895508
informationbaz_random_4,informationbaz,random,4,405717,6654655,padded_control,9,encoder_block_9,0.841099739074707,-3.438871383666992,-4.279971122741699
informationbaz_random_4,informationbaz,random,4,405717,6654655,padded_control,10,encoder_block_10,0.857982873916626,-3.857832670211792,-4.715815544128418
informationbaz_random_4,informationbaz,random,4,405717,6654655,padded_control,11,encoder_block_11,2.664717197418213,-4.930829048156738,-7.595546245574951
informationbaz_random_4,informationbaz,random,4,405717,6654655,padded_control,12,encoder_block_12,3.62729549407959,-4.931947708129883,-8.559243202209473
informationbaz_random_4,informationbaz,random,4,405717,6654655,attack,0,embedding,0.5638246536254883,-4.020771026611328,-4.584595680236816
informationbaz_random_4,informationbaz,random,4,405717,6654655,attack,1,encoder_block_1,0.5491747856140137,-4.7784318923950195,-5.327606678009033
informationbaz_random_4,informationbaz,random,4,405717,6654655,attack,2,encoder_block_2,0.5279998779296875,-4.443639755249023,-4.971639633178711
informationbaz_random_4,informationbaz,random,4,405717,6654655,attack,3,encoder_block_3,0.6312134265899658,-3.91388201713562,-4.545095443725586
informationbaz_random_4,informationbaz,random,4,405717,6654655,attack,4,encoder_block_4,0.6944077014923096,-3.224029302597046,-3.9184370040893555
informationbaz_random_4,informationbaz,random,4,405717,6654655,attack,5,encoder_block_5,0.6726465225219727,-2.753889322280884,-3.4265358448028564
informationbaz_random_4,informationbaz,random,4,405717,6654655,attack,6,encoder_block_6,0.7211384773254395,-2.3306055068969727,-3.051743984222412
informationbaz_random_4,informationbaz,random,4,405717,6654655,attack,7,encoder_block_7,0.8126542568206787,-2.6779656410217285,-3.4906198978424072
informationbaz_random_4,informationbaz,random,4,405717,6654655,attack,8,encoder_block_8,0.860593318939209,-2.7501730918884277,-3.6107664108276367
informationbaz_random_4,informationbaz,random,4,405717,6654655,attack,9,encoder_block_9,0.8747122287750244,-2.7670209407806396,-3.641733169555664
informationbaz_random_4,informationbaz,random,4,405717,6654655,attack,10,encoder_block_10,0.8537595272064209,-3.1571362018585205,-4.010895729064941
informationbaz_random_4,informationbaz,random,4,405717,6654655,attack,11,encoder_block_11,2.614849805831909,-3.92570424079895,-6.540554046630859
informationbaz_random_4,informationbaz,random,4,405717,6654655,attack,12,encoder_block_12,3.377190113067627,-4.338110446929932,-7.715300559997559
informationbaz_random_4,informationbaz,random,4,443396,8079046,original,0,embedding,0.6588740348815918,-4.492745876312256,-5.151619911193848
informationbaz_random_4,informationbaz,random,4,443396,8079046,original,1,encoder_block_1,0.7148251533508301,-3.360395908355713,-4.075221061706543
informationbaz_random_4,informationbaz,random,4,443396,8079046,original,2,encoder_block_2,0.9884994029998779,-3.0998775959014893,-4.088376998901367
informationbaz_random_4,informationbaz,random,4,443396,8079046,original,3,encoder_block_3,0.7311801910400391,-2.6486589908599854,-3.3798391819000244
informationbaz_random_4,informationbaz,random,4,443396,8079046,original,4,encoder_block_4,0.6251169443130493,-1.9659618139266968,-2.591078758239746
informationbaz_random_4,informationbaz,random,4,443396,8079046,original,5,encoder_block_5,0.41840434074401855,-2.0606331825256348,-2.4790375232696533
informationbaz_random_4,informationbaz,random,4,443396,8079046,original,6,encoder_block_6,0.29674577713012695,-1.8895137310028076,-2.1862595081329346
informationbaz_random_4,informationbaz,random,4,443396,8079046,original,7,encoder_block_7,0.1829071044921875,-2.0518665313720703,-2.234773635864258
informationbaz_random_4,informationbaz,random,4,443396,8079046,original,8,encoder_block_8,0.014481544494628906,-2.2739672660827637,-2.2884488105773926
informationbaz_random_4,informationbaz,random,4,443396,8079046,original,9,encoder_block_9,0.12979745864868164,-2.0687389373779297,-2.1985363960266113
informationbaz_random_4,informationbaz,random,4,443396,8079046,original,10,encoder_block_10,-0.9048601388931274,-2.2552437782287598,-1.3503836393356323
informationbaz_random_4,informationbaz,random,4,443396,8079046,original,11,encoder_block_11,-1.5065739154815674,-2.5783214569091797,-1.0717475414276123
informationbaz_random_4,informationbaz,random,4,443396,8079046,original,12,encoder_block_12,-8.705865859985352,-23.523836135864258,-14.817970275878906
informationbaz_random_4,informationbaz,random,4,443396,8079046,padded_control,0,embedding,0.6588735580444336,-4.4927473068237305,-5.151620864868164
informationbaz_random_4,informationbaz,random,4,443396,8079046,padded_control,1,encoder_block_1,0.7345848083496094,-3.370838165283203,-4.1054229736328125
informationbaz_random_4,informationbaz,random,4,443396,8079046,padded_control,2,encoder_block_2,1.0149550437927246,-3.0904507637023926,-4.105405807495117
informationbaz_random_4,informationbaz,random,4,443396,8079046,padded_control,3,encoder_block_3,0.7359962463378906,-2.651968240737915,-3.3879644870758057
informationbaz_random_4,informationbaz,random,4,443396,8079046,padded_control,4,encoder_block_4,0.6246819496154785,-2.015981912612915,-2.6406638622283936
informationbaz_random_4,informationbaz,random,4,443396,8079046,padded_control,5,encoder_block_5,0.44710850715637207,-2.0957906246185303,-2.5428991317749023
informationbaz_random_4,informationbaz,random,4,443396,8079046,padded_control,6,encoder_block_6,0.30272459983825684,-1.912431001663208,-2.215155601501465
informationbaz_random_4,informationbaz,random,4,443396,8079046,padded_control,7,encoder_block_7,0.20143890380859375,-2.0661253929138184,-2.267564296722412
informationbaz_random_4,informationbaz,random,4,443396,8079046,padded_control,8,encoder_block_8,0.029888153076171875,-2.2861413955688477,-2.3160295486450195
informationbaz_random_4,informationbaz,random,4,443396,8079046,padded_control,9,encoder_block_9,0.12903904914855957,-2.0628316402435303,-2.19187068939209
informationbaz_random_4,informationbaz,random,4,443396,8079046,padded_control,10,encoder_block_10,-0.8637454509735107,-2.2225756645202637,-1.358830213546753
informationbaz_random_4,informationbaz,random,4,443396,8079046,padded_control,11,encoder_block_11,-1.456221342086792,-2.581742763519287,-1.1255214214324951
informationbaz_random_4,informationbaz,random,4,443396,8079046,padded_control,12,encoder_block_12,-8.596277236938477,-23.49238395690918,-14.896106719970703
informationbaz_random_4,informationbaz,random,4,443396,8079046,attack,0,embedding,0.35430908203125,-4.542181015014648,-4.896490097045898
informationbaz_random_4,informationbaz,random,4,443396,8079046,attack,1,encoder_block_1,0.5767345428466797,-3.572749137878418,-4.149483680725098
informationbaz_random_4,informationbaz,random,4,443396,8079046,attack,2,encoder_block_2,0.7988171577453613,-2.9108099937438965,-3.709627151489258
informationbaz_random_4,informationbaz,random,4,443396,8079046,attack,3,encoder_block_3,0.581352710723877,-2.3989617824554443,-2.9803144931793213
informationbaz_random_4,informationbaz,random,4,443396,8079046,attack,4,encoder_block_4,0.5008630752563477,-1.6383001804351807,-2.1391632556915283
informationbaz_random_4,informationbaz,random,4,443396,8079046,attack,5,encoder_block_5,0.41319382190704346,-1.7945870161056519,-2.2077808380126953
informationbaz_random_4,informationbaz,random,4,443396,8079046,attack,6,encoder_block_6,0.32334280014038086,-1.6022562980651855,-1.9255990982055664
informationbaz_random_4,informationbaz,random,4,443396,8079046,attack,7,encoder_block_7,0.2861666679382324,-1.713216781616211,-1.9993834495544434
informationbaz_random_4,informationbaz,random,4,443396,8079046,attack,8,encoder_block_8,0.29096662998199463,-1.9230021238327026,-2.2139687538146973
informationbaz_random_4,informationbaz,random,4,443396,8079046,attack,9,encoder_block_9,0.450284481048584,-2.00891375541687,-2.459198236465454
informationbaz_random_4,informationbaz,random,4,443396,8079046,attack,10,encoder_block_10,-0.3947775363922119,-2.0502052307128906,-1.6554276943206787
informationbaz_random_4,informationbaz,random,4,443396,8079046,attack,11,encoder_block_11,-1.2768781185150146,-2.3802685737609863,-1.1033904552459717
informationbaz_random_4,informationbaz,random,4,443396,8079046,attack,12,encoder_block_12,-9.464462280273438,-23.857404708862305,-14.392942428588867
informationbaz_random_4,informationbaz,random,4,451602,2176450,original,0,embedding,0.4722132682800293,-3.002659320831299,-3.474872589111328
informationbaz_random_4,informationbaz,random,4,451602,2176450,original,1,encoder_block_1,0.4772052764892578,-2.6854705810546875,-3.1626758575439453
informationbaz_random_4,informationbaz,random,4,451602,2176450,original,2,encoder_block_2,0.5013558864593506,-2.7098538875579834,-3.211209774017334
informationbaz_random_4,informationbaz,random,4,451602,2176450,original,3,encoder_block_3,0.3855893611907959,-2.7422757148742676,-3.1278650760650635
informationbaz_random_4,informationbaz,random,4,451602,2176450,original,4,encoder_block_4,0.34542393684387207,-2.2697525024414062,-2.6151764392852783
informationbaz_random_4,informationbaz,random,4,451602,2176450,original,5,encoder_block_5,0.3924899101257324,-1.9970588684082031,-2.3895487785339355
informationbaz_random_4,informationbaz,random,4,451602,2176450,original,6,encoder_block_6,0.4647102355957031,-1.8045096397399902,-2.2692198753356934
informationbaz_random_4,informationbaz,random,4,451602,2176450,original,7,encoder_block_7,0.20129752159118652,-1.9202888011932373,-2.121586322784424
informationbaz_random_4,informationbaz,random,4,451602,2176450,original,8,encoder_block_8,0.3021860122680664,-1.630333423614502,-1.9325194358825684
informationbaz_random_4,informationbaz,random,4,451602,2176450,original,9,encoder_block_9,0.3362596035003662,-1.4453564882278442,-1.7816160917282104
informationbaz_random_4,informationbaz,random,4,451602,2176450,original,10,encoder_block_10,0.1903594732284546,-1.5752512216567993,-1.765610694885254
informationbaz_random_4,informationbaz,random,4,451602,2176450,original,11,encoder_block_11,0.9156909584999084,-0.9483067393302917,-1.8639976978302002
informationbaz_random_4,informationbaz,random,4,451602,2176450,original,12,encoder_block_12,0.5305600166320801,-1.2418627738952637,-1.7724227905273438
informationbaz_random_4,informationbaz,random,4,451602,2176450,padded_control,0,embedding,0.4722142219543457,-3.002657890319824,-3.47487211227417
informationbaz_random_4,informationbaz,random,4,451602,2176450,padded_control,1,encoder_block_1,0.4467306137084961,-2.779510498046875,-3.226241111755371
informationbaz_random_4,informationbaz,random,4,451602,2176450,padded_control,2,encoder_block_2,0.4695594310760498,-2.8105080127716064,-3.2800674438476562
informationbaz_random_4,informationbaz,random,4,451602,2176450,padded_control,3,encoder_block_3,0.3336360454559326,-2.820072889328003,-3.1537089347839355
informationbaz_random_4,informationbaz,random,4,451602,2176450,padded_control,4,encoder_block_4,0.29961061477661133,-2.3577208518981934,-2.6573314666748047
informationbaz_random_4,informationbaz,random,4,451602,2176450,padded_control,5,encoder_block_5,0.3623654842376709,-2.094599962234497,-2.456965446472168
informationbaz_random_4,informationbaz,random,4,451602,2176450,padded_control,6,encoder_block_6,0.4298408031463623,-1.9060359001159668,-2.335876703262329
informationbaz_random_4,informationbaz,random,4,451602,2176450,padded_control,7,encoder_block_7,0.2096092700958252,-2.006840944290161,-2.2164502143859863
informationbaz_random_4,informationbaz,random,4,451602,2176450,padded_control,8,encoder_block_8,0.33272480964660645,-1.7455692291259766,-2.078294038772583
informationbaz_random_4,informationbaz,random,4,451602,2176450,padded_control,9,encoder_block_9,0.39235591888427734,-1.5817062854766846,-1.974062204360962
informationbaz_random_4,informationbaz,random,4,451602,2176450,padded_control,10,encoder_block_10,0.2451305389404297,-1.6800845861434937,-1.9252151250839233
informationbaz_random_4,informationbaz,random,4,451602,2176450,padded_control,11,encoder_block_11,1.0246713161468506,-0.9585431814193726,-1.9832144975662231
informationbaz_random_4,informationbaz,random,4,451602,2176450,padded_control,12,encoder_block_12,0.6875014305114746,-1.0082186460494995,-1.6957200765609741
informationbaz_random_4,informationbaz,random,4,451602,2176450,attack,0,embedding,0.2919611930847168,-3.362224578857422,-3.6541857719421387
informationbaz_random_4,informationbaz,random,4,451602,2176450,attack,1,encoder_block_1,0.2639756202697754,-3.229687213897705,-3.4936628341674805
informationbaz_random_4,informationbaz,random,4,451602,2176450,attack,2,encoder_block_2,0.2577328681945801,-2.8180887699127197,-3.0758216381073
informationbaz_random_4,informationbaz,random,4,451602,2176450,attack,3,encoder_block_3,0.26721692085266113,-2.5262818336486816,-2.7934987545013428
informationbaz_random_4,informationbaz,random,4,451602,2176450,attack,4,encoder_block_4,0.2523469924926758,-1.8155696392059326,-2.0679166316986084
informationbaz_random_4,informationbaz,random,4,451602,2176450,attack,5,encoder_block_5,0.38020145893096924,-1.8426257371902466,-2.222827196121216
informationbaz_random_4,informationbaz,random,4,451602,2176450,attack,6,encoder_block_6,0.41446709632873535,-1.6732299327850342,-2.0876970291137695
informationbaz_random_4,informationbaz,random,4,451602,2176450,attack,7,encoder_block_7,0.22056257724761963,-1.8170136213302612,-2.037576198577881
informationbaz_random_4,informationbaz,random,4,451602,2176450,attack,8,encoder_block_8,0.4130277633666992,-1.6686797142028809,-2.08170747756958
informationbaz_random_4,informationbaz,random,4,451602,2176450,attack,9,encoder_block_9,0.3592190742492676,-1.4680328369140625,-1.82725191116333
informationbaz_random_4,informationbaz,random,4,451602,2176450,attack,10,encoder_block_10,0.17770326137542725,-1.7163127660751343,-1.8940160274505615
informationbaz_random_4,informationbaz,random,4,451602,2176450,attack,11,encoder_block_11,0.5274848937988281,-0.87558913230896,-1.403074026107788
informationbaz_random_4,informationbaz,random,4,451602,2176450,attack,12,encoder_block_12,-0.783144474029541,-2.7872815132141113,-2.0041370391845703
informationbaz_random_4,informationbaz,random,4,47923,1681334,original,0,embedding,0.40436625480651855,-3.7347819805145264,-4.139148235321045
informationbaz_random_4,informationbaz,random,4,47923,1681334,original,1,encoder_block_1,0.039542198181152344,-4.492228984832764,-4.531771183013916
informationbaz_random_4,informationbaz,random,4,47923,1681334,original,2,encoder_block_2,-0.06967544555664062,-4.513869285583496,-4.4441938400268555
informationbaz_random_4,informationbaz,random,4,47923,1681334,original,3,encoder_block_3,0.0279543399810791,-3.7215793132781982,-3.7495336532592773
informationbaz_random_4,informationbaz,random,4,47923,1681334,original,4,encoder_block_4,0.04719257354736328,-3.332184076309204,-3.3793766498565674
informationbaz_random_4,informationbaz,random,4,47923,1681334,original,5,encoder_block_5,0.1422414779663086,-3.2001075744628906,-3.342349052429199
informationbaz_random_4,informationbaz,random,4,47923,1681334,original,6,encoder_block_6,0.1042013168334961,-3.0339107513427734,-3.1381120681762695
informationbaz_random_4,informationbaz,random,4,47923,1681334,original,7,encoder_block_7,-0.07507538795471191,-3.218876361846924,-3.143800973892212
informationbaz_random_4,informationbaz,random,4,47923,1681334,original,8,encoder_block_8,-0.0072896480560302734,-3.5797557830810547,-3.5724661350250244
informationbaz_random_4,informationbaz,random,4,47923,1681334,original,9,encoder_block_9,0.40033388137817383,-3.118821620941162,-3.519155502319336
informationbaz_random_4,informationbaz,random,4,47923,1681334,original,10,encoder_block_10,0.8675813674926758,-3.100036144256592,-3.9676175117492676
informationbaz_random_4,informationbaz,random,4,47923,1681334,original,11,encoder_block_11,2.107748031616211,-3.2114038467407227,-5.319151878356934
informationbaz_random_4,informationbaz,random,4,47923,1681334,original,12,encoder_block_12,4.144590377807617,-6.41802978515625,-10.562620162963867
informationbaz_random_4,informationbaz,random,4,47923,1681334,padded_control,0,embedding,0.40436649322509766,-3.7347822189331055,-4.139148712158203
informationbaz_random_4,informationbaz,random,4,47923,1681334,padded_control,1,encoder_block_1,0.0530552864074707,-4.496402740478516,-4.549458026885986
informationbaz_random_4,informationbaz,random,4,47923,1681334,padded_control,2,encoder_block_2,-0.06977319717407227,-4.537927150726318,-4.468153953552246
informationbaz_random_4,informationbaz,random,4,47923,1681334,padded_control,3,encoder_block_3,0.0224151611328125,-3.7391581535339355,-3.761573314666748
informationbaz_random_4,informationbaz,random,4,47923,1681334,padded_control,4,encoder_block_4,0.0321197509765625,-3.35262393951416,-3.3847436904907227
informationbaz_random_4,informationbaz,random,4,47923,1681334,padded_control,5,encoder_block_5,0.14027976989746094,-3.2139501571655273,-3.3542299270629883
informationbaz_random_4,informationbaz,random,4,47923,1681334,padded_control,6,encoder_block_6,0.0826120376586914,-3.0607123374938965,-3.143324375152588
informationbaz_random_4,informationbaz,random,4,47923,1681334,padded_control,7,encoder_block_7,-0.08796262741088867,-3.2275185585021973,-3.1395559310913086
informationbaz_random_4,informationbaz,random,4,47923,1681334,padded_control,8,encoder_block_8,-0.009613513946533203,-3.5757803916931152,-3.566166877746582
informationbaz_random_4,informationbaz,random,4,47923,1681334,padded_control,9,encoder_block_9,0.37467217445373535,-3.1449830532073975,-3.519655227661133
informationbaz_random_4,informationbaz,random,4,47923,1681334,padded_control,10,encoder_block_10,0.8311429023742676,-3.109330654144287,-3.9404735565185547
informationbaz_random_4,informationbaz,random,4,47923,1681334,padded_control,11,encoder_block_11,2.0571625232696533,-3.200881242752075,-5.2580437660217285
informationbaz_random_4,informationbaz,random,4,47923,1681334,padded_control,12,encoder_block_12,4.007159233093262,-5.805489540100098,-9.81264877319336
informationbaz_random_4,informationbaz,random,4,47923,1681334,attack,0,embedding,0.18883800506591797,-4.045681953430176,-4.234519958496094
informationbaz_random_4,informationbaz,random,4,47923,1681334,attack,1,encoder_block_1,-0.08928394317626953,-4.3783769607543945,-4.289093017578125
informationbaz_random_4,informationbaz,random,4,47923,1681334,attack,2,encoder_block_2,-0.2277083396911621,-4.082204341888428,-3.8544960021972656
informationbaz_random_4,informationbaz,random,4,47923,1681334,attack,3,encoder_block_3,-0.0861673355102539,-3.319326162338257,-3.233158826828003
informationbaz_random_4,informationbaz,random,4,47923,1681334,attack,4,encoder_block_4,-0.013256072998046875,-2.62489652633667,-2.611640453338623
informationbaz_random_4,informationbaz,random,4,47923,1681334,attack,5,encoder_block_5,0.14056873321533203,-2.514908790588379,-2.655477523803711
informationbaz_random_4,informationbaz,random,4,47923,1681334,attack,6,encoder_block_6,0.11865806579589844,-2.346971035003662,-2.4656291007995605
informationbaz_random_4,informationbaz,random,4,47923,1681334,attack,7,encoder_block_7,-0.045622825622558594,-2.5451667308807373,-2.4995439052581787
informationbaz_random_4,informationbaz,random,4,47923,1681334,attack,8,encoder_block_8,0.09824848175048828,-2.8817615509033203,-2.9800100326538086
informationbaz_random_4,informationbaz,random,4,47923,1681334,attack,9,encoder_block_9,0.5310196876525879,-2.6929097175598145,-3.2239294052124023
informationbaz_random_4,informationbaz,random,4,47923,1681334,attack,10,encoder_block_10,0.9671986103057861,-2.7333333492279053,-3.7005319595336914
informationbaz_random_4,informationbaz,random,4,47923,1681334,attack,11,encoder_block_11,2.0039985179901123,-2.4887454509735107,-4.492743968963623
informationbaz_random_4,informationbaz,random,4,47923,1681334,attack,12,encoder_block_12,3.845518112182617,-5.0877532958984375,-8.933271408081055
informationbaz_random_4,informationbaz,random,4,489204,1051498,original,0,embedding,1.1050267219543457,-3.6256542205810547,-4.7306809425354
informationbaz_random_4,informationbaz,random,4,489204,1051498,original,1,encoder_block_1,0.5670552253723145,-3.955451011657715,-4.522506237030029
informationbaz_random_4,informationbaz,random,4,489204,1051498,original,2,encoder_block_2,0.6947755813598633,-3.5813283920288086,-4.276103973388672
informationbaz_random_4,informationbaz,random,4,489204,1051498,original,3,encoder_block_3,0.6954247951507568,-3.591654062271118,-4.287078857421875
informationbaz_random_4,informationbaz,random,4,489204,1051498,original,4,encoder_block_4,0.7063589096069336,-3.431513786315918,-4.137872695922852
informationbaz_random_4,informationbaz,random,4,489204,1051498,original,5,encoder_block_5,0.8089845180511475,-2.9560165405273438,-3.765001058578491
informationbaz_random_4,informationbaz,random,4,489204,1051498,original,6,encoder_block_6,0.7066187858581543,-2.8366408348083496,-3.543259620666504
informationbaz_random_4,informationbaz,random,4,489204,1051498,original,7,encoder_block_7,0.5458054542541504,-2.746394634246826,-3.2922000885009766
informationbaz_random_4,informationbaz,random,4,489204,1051498,original,8,encoder_block_8,0.5038812160491943,-3.035325527191162,-3.5392067432403564
informationbaz_random_4,informationbaz,random,4,489204,1051498,original,9,encoder_block_9,0.5962824821472168,-3.0165486335754395,-3.6128311157226562
informationbaz_random_4,informationbaz,random,4,489204,1051498,original,10,encoder_block_10,0.24350452423095703,-3.268984317779541,-3.512488842010498
informationbaz_random_4,informationbaz,random,4,489204,1051498,original,11,encoder_block_11,0.8234102725982666,-2.1394405364990234,-2.96285080909729
informationbaz_random_4,informationbaz,random,4,489204,1051498,original,12,encoder_block_12,1.1466436982154846,0.6601280570030212,-0.4865156412124634
informationbaz_random_4,informationbaz,random,4,489204,1051498,padded_control,0,embedding,1.1050267219543457,-3.6256537437438965,-4.730680465698242
informationbaz_random_4,informationbaz,random,4,489204,1051498,padded_control,1,encoder_block_1,0.5701732635498047,-3.9331250190734863,-4.503298282623291
informationbaz_random_4,informationbaz,random,4,489204,1051498,padded_control,2,encoder_block_2,0.6815013885498047,-3.5501766204833984,-4.231678009033203
informationbaz_random_4,informationbaz,random,4,489204,1051498,padded_control,3,encoder_block_3,0.6755757331848145,-3.55703067779541,-4.232606410980225
informationbaz_random_4,informationbaz,random,4,489204,1051498,padded_control,4,encoder_block_4,0.6730990409851074,-3.394796371459961,-4.067895412445068
informationbaz_random_4,informationbaz,random,4,489204,1051498,padded_control,5,encoder_block_5,0.7718973159790039,-2.9286046028137207,-3.7005019187927246
informationbaz_random_4,informationbaz,random,4,489204,1051498,padded_control,6,encoder_block_6,0.6697309017181396,-2.8467442989349365,-3.516475200653076
informationbaz_random_4,informationbaz,random,4,489204,1051498,padded_control,7,encoder_block_7,0.5204737186431885,-2.7924039363861084,-3.312877655029297
informationbaz_random_4,informationbaz,random,4,489204,1051498,padded_control,8,encoder_block_8,0.47951292991638184,-3.0762853622436523,-3.555798292160034
informationbaz_random_4,informationbaz,random,4,489204,1051498,padded_control,9,encoder_block_9,0.6328938007354736,-3.036020517349243,-3.668914318084717
informationbaz_random_4,informationbaz,random,4,489204,1051498,padded_control,10,encoder_block_10,0.3196449279785156,-3.3566954135894775,-3.676340341567993
informationbaz_random_4,informationbaz,random,4,489204,1051498,padded_control,11,encoder_block_11,0.9297552108764648,-2.263843536376953,-3.193598747253418
informationbaz_random_4,informationbaz,random,4,489204,1051498,padded_control,12,encoder_block_12,1.308186113834381,0.40947985649108887,-0.8987062573432922
informationbaz_random_4,informationbaz,random,4,489204,1051498,attack,0,embedding,0.6418228149414062,-3.8269925117492676,-4.468815326690674
informationbaz_random_4,informationbaz,random,4,489204,1051498,attack,1,encoder_block_1,0.15016937255859375,-4.062088489532471,-4.2122578620910645
informationbaz_random_4,informationbaz,random,4,489204,1051498,attack,2,encoder_block_2,0.18511390686035156,-3.4279017448425293,-3.613015651702881
informationbaz_random_4,informationbaz,random,4,489204,1051498,attack,3,encoder_block_3,0.22118139266967773,-3.392076015472412,-3.61325740814209
informationbaz_random_4,informationbaz,random,4,489204,1051498,attack,4,encoder_block_4,0.23305535316467285,-2.9314188957214355,-3.1644742488861084
informationbaz_random_4,informationbaz,random,4,489204,1051498,attack,5,encoder_block_5,0.49169206619262695,-2.552273750305176,-3.0439658164978027
informationbaz_random_4,informationbaz,random,4,489204,1051498,attack,6,encoder_block_6,0.4219048023223877,-2.3426342010498047,-2.7645390033721924
informationbaz_random_4,informationbaz,random,4,489204,1051498,attack,7,encoder_block_7,0.24969816207885742,-2.324800491333008,-2.5744986534118652
informationbaz_random_4,informationbaz,random,4,489204,1051498,attack,8,encoder_block_8,0.2737596035003662,-2.4396231174468994,-2.7133827209472656
informationbaz_random_4,informationbaz,random,4,489204,1051498,attack,9,encoder_block_9,0.46854567527770996,-2.4592065811157227,-2.9277522563934326
informationbaz_random_4,informationbaz,random,4,489204,1051498,attack,10,encoder_block_10,0.23648786544799805,-2.8546807765960693,-3.0911686420440674
informationbaz_random_4,informationbaz,random,4,489204,1051498,attack,11,encoder_block_11,1.1700425148010254,-2.1487205028533936,-3.318763017654419
informationbaz_random_4,informationbaz,random,4,489204,1051498,attack,12,encoder_block_12,1.9111562967300415,-0.014801263809204102,-1.9259575605392456
informationbaz_random_4,informationbaz,random,4,490595,7839904,original,0,embedding,0.743114709854126,-3.1219334602355957,-3.8650481700897217
informationbaz_random_4,informationbaz,random,4,490595,7839904,original,1,encoder_block_1,0.2408144474029541,-2.095036506652832,-2.335850954055786
informationbaz_random_4,informationbaz,random,4,490595,7839904,original,2,encoder_block_2,0.2686305046081543,-2.120677947998047,-2.389308452606201
informationbaz_random_4,informationbaz,random,4,490595,7839904,original,3,encoder_block_3,0.2997734546661377,-1.63187575340271,-1.9316492080688477
informationbaz_random_4,informationbaz,random,4,490595,7839904,original,4,encoder_block_4,0.6087636947631836,-1.6530044078826904,-2.261768102645874
informationbaz_random_4,informationbaz,random,4,490595,7839904,original,5,encoder_block_5,0.8757696151733398,-1.305880069732666,-2.181649684906006
informationbaz_random_4,informationbaz,random,4,490595,7839904,original,6,encoder_block_6,0.8896998167037964,-1.2222400903701782,-2.1119399070739746
informationbaz_random_4,informationbaz,random,4,490595,7839904,original,7,encoder_block_7,1.0411710739135742,-1.218761920928955,-2.2599329948425293
informationbaz_random_4,informationbaz,random,4,490595,7839904,original,8,encoder_block_8,1.0582380294799805,-1.6059470176696777,-2.664185047149658
informationbaz_random_4,informationbaz,random,4,490595,7839904,original,9,encoder_block_9,1.0870909690856934,-1.4535856246948242,-2.5406765937805176
informationbaz_random_4,informationbaz,random,4,490595,7839904,original,10,encoder_block_10,0.5982840061187744,-1.4369895458221436,-2.035273551940918
informationbaz_random_4,informationbaz,random,4,490595,7839904,original,11,encoder_block_11,0.3663021922111511,-0.6088617444038391,-0.9751639366149902
informationbaz_random_4,informationbaz,random,4,490595,7839904,original,12,encoder_block_12,-6.449821472167969,-21.603721618652344,-15.153900146484375
informationbaz_random_4,informationbaz,random,4,490595,7839904,padded_control,0,embedding,0.7431144714355469,-3.1219329833984375,-3.8650474548339844
informationbaz_random_4,informationbaz,random,4,490595,7839904,padded_control,1,encoder_block_1,0.2617201805114746,-2.1094155311584473,-2.371135711669922
informationbaz_random_4,informationbaz,random,4,490595,7839904,padded_control,2,encoder_block_2,0.28447484970092773,-2.1407909393310547,-2.4252657890319824
informationbaz_random_4,informationbaz,random,4,490595,7839904,padded_control,3,encoder_block_3,0.31599998474121094,-1.6226075887680054,-1.9386075735092163
informationbaz_random_4,informationbaz,random,4,490595,7839904,padded_control,4,encoder_block_4,0.6381704807281494,-1.6615135669708252,-2.2996840476989746
informationbaz_random_4,informationbaz,random,4,490595,7839904,padded_control,5,encoder_block_5,0.9010562896728516,-1.310514211654663,-2.2115705013275146
informationbaz_random_4,informationbaz,random,4,490595,7839904,padded_control,6,encoder_block_6,0.9020493030548096,-1.2417466640472412,-2.143795967102051
informationbaz_random_4,informationbaz,random,4,490595,7839904,padded_control,7,encoder_block_7,1.0567131042480469,-1.2643048763275146,-2.3210179805755615
informationbaz_random_4,informationbaz,random,4,490595,7839904,padded_control,8,encoder_block_8,1.0753228664398193,-1.6412222385406494,-2.7165451049804688
informationbaz_random_4,informationbaz,random,4,490595,7839904,padded_control,9,encoder_block_9,1.0966134071350098,-1.4599547386169434,-2.556568145751953
informationbaz_random_4,informationbaz,random,4,490595,7839904,padded_control,10,encoder_block_10,0.6025135517120361,-1.4880566596984863,-2.0905702114105225
informationbaz_random_4,informationbaz,random,4,490595,7839904,padded_control,11,encoder_block_11,0.317402184009552,-0.6472083330154419,-0.9646105170249939
informationbaz_random_4,informationbaz,random,4,490595,7839904,padded_control,12,encoder_block_12,-7.14945125579834,-22.403419494628906,-15.253968238830566
informationbaz_random_4,informationbaz,random,4,490595,7839904,attack,0,embedding,0.5804753303527832,-3.630225658416748,-4.210700988769531
informationbaz_random_4,informationbaz,random,4,490595,7839904,attack,1,encoder_block_1,0.2514033317565918,-2.599731922149658,-2.85113525390625
informationbaz_random_4,informationbaz,random,4,490595,7839904,attack,2,encoder_block_2,0.2284989356994629,-2.196542739868164,-2.425041675567627
informationbaz_random_4,informationbaz,random,4,490595,7839904,attack,3,encoder_block_3,0.323836088180542,-1.430066704750061,-1.753902792930603
informationbaz_random_4,informationbaz,random,4,490595,7839904,attack,4,encoder_block_4,0.5914870500564575,-1.049334168434143,-1.6408212184906006
informationbaz_random_4,informationbaz,random,4,490595,7839904,attack,5,encoder_block_5,0.9124183654785156,-0.7776286602020264,-1.690047025680542
informationbaz_random_4,informationbaz,random,4,490595,7839904,attack,6,encoder_block_6,0.9440212249755859,-0.5270509719848633,-1.4710721969604492
informationbaz_random_4,informationbaz,random,4,490595,7839904,attack,7,encoder_block_7,1.1236346364021301,-0.6321501135826111,-1.7557847499847412
informationbaz_random_4,informationbaz,random,4,490595,7839904,attack,8,encoder_block_8,1.227746307849884,-0.8188740611076355,-2.0466203689575195
informationbaz_random_4,informationbaz,random,4,490595,7839904,attack,9,encoder_block_9,1.2809019684791565,-0.680426299571991,-1.9613282680511475
informationbaz_random_4,informationbaz,random,4,490595,7839904,attack,10,encoder_block_10,0.9748485088348389,-0.7827816009521484,-1.7576301097869873
informationbaz_random_4,informationbaz,random,4,490595,7839904,attack,11,encoder_block_11,0.3858254551887512,-0.45390862226486206,-0.8397340774536133
informationbaz_random_4,informationbaz,random,4,490595,7839904,attack,12,encoder_block_12,-7.431268692016602,-22.561115264892578,-15.129846572875977
informationbaz_random_4,informationbaz,random,4,527433,6186391,original,0,embedding,-0.5706920623779297,-5.236737251281738,-4.666045188903809
informationbaz_random_4,informationbaz,random,4,527433,6186391,original,1,encoder_block_1,-0.8049893379211426,-5.019939422607422,-4.214950084686279
informationbaz_random_4,informationbaz,random,4,527433,6186391,original,2,encoder_block_2,-0.6781020164489746,-4.847031593322754,-4.168929576873779
informationbaz_random_4,informationbaz,random,4,527433,6186391,original,3,encoder_block_3,-0.21041536331176758,-3.901785373687744,-3.6913700103759766
informationbaz_random_4,informationbaz,random,4,527433,6186391,original,4,encoder_block_4,0.02499103546142578,-3.672450065612793,-3.6974411010742188
informationbaz_random_4,informationbaz,random,4,527433,6186391,original,5,encoder_block_5,0.005347490310668945,-3.480351448059082,-3.485698938369751
informationbaz_random_4,informationbaz,random,4,527433,6186391,original,6,encoder_block_6,-0.07563614845275879,-3.255864381790161,-3.1802282333374023
informationbaz_random_4,informationbaz,random,4,527433,6186391,original,7,encoder_block_7,-0.015558481216430664,-3.0459814071655273,-3.0304229259490967
informationbaz_random_4,informationbaz,random,4,527433,6186391,original,8,encoder_block_8,-0.15623211860656738,-3.10908579826355,-2.9528536796569824
informationbaz_random_4,informationbaz,random,4,527433,6186391,original,9,encoder_block_9,0.16095733642578125,-2.4729371070861816,-2.633894443511963
informationbaz_random_4,informationbaz,random,4,527433,6186391,original,10,encoder_block_10,0.27408289909362793,-2.2480502128601074,-2.5221331119537354
informationbaz_random_4,informationbaz,random,4,527433,6186391,original,11,encoder_block_11,1.410413384437561,-1.4173845052719116,-2.8277978897094727
informationbaz_random_4,informationbaz,random,4,527433,6186391,original,12,encoder_block_12,2.474163770675659,-1.0343375205993652,-3.5085012912750244
informationbaz_random_4,informationbaz,random,4,527433,6186391,padded_control,0,embedding,-0.5706944465637207,-5.2367377281188965,-4.666043281555176
informationbaz_random_4,informationbaz,random,4,527433,6186391,padded_control,1,encoder_block_1,-0.7988038063049316,-5.033559322357178,-4.234755516052246
informationbaz_random_4,informationbaz,random,4,527433,6186391,padded_control,2,encoder_block_2,-0.6833171844482422,-4.869489669799805,-4.1861724853515625
informationbaz_random_4,informationbaz,random,4,527433,6186391,padded_control,3,encoder_block_3,-0.22237825393676758,-3.9329302310943604,-3.7105519771575928
informationbaz_random_4,informationbaz,random,4,527433,6186391,padded_control,4,encoder_block_4,0.013002634048461914,-3.698178291320801,-3.7111809253692627
informationbaz_random_4,informationbaz,random,4,527433,6186391,padded_control,5,encoder_block_5,-0.004991054534912109,-3.506497383117676,-3.5015063285827637
informationbaz_random_4,informationbaz,random,4,527433,6186391,padded_control,6,encoder_block_6,-0.07385087013244629,-3.2849318981170654,-3.211081027984619
informationbaz_random_4,informationbaz,random,4,527433,6186391,padded_control,7,encoder_block_7,-0.0015442371368408203,-3.06709623336792,-3.065551996231079
informationbaz_random_4,informationbaz,random,4,527433,6186391,padded_control,8,encoder_block_8,-0.14451885223388672,-3.098020076751709,-2.9535012245178223
informationbaz_random_4,informationbaz,random,4,527433,6186391,padded_control,9,encoder_block_9,0.185516357421875,-2.4712836742401123,-2.6568000316619873
informationbaz_random_4,informationbaz,random,4,527433,6186391,padded_control,10,encoder_block_10,0.2905082702636719,-2.2548704147338867,-2.5453786849975586
informationbaz_random_4,informationbaz,random,4,527433,6186391,padded_control,11,encoder_block_11,1.4210822582244873,-1.4725596904754639,-2.893641948699951
informationbaz_random_4,informationbaz,random,4,527433,6186391,padded_control,12,encoder_block_12,2.4976927042007446,-1.1052473783493042,-3.602940082550049
informationbaz_random_4,informationbaz,random,4,527433,6186391,attack,0,embedding,-0.6655368804931641,-5.368226051330566,-4.702689170837402
informationbaz_random_4,informationbaz,random,4,527433,6186391,attack,1,encoder_block_1,-0.780548095703125,-5.113331317901611,-4.332783222198486
informationbaz_random_4,informationbaz,random,4,527433,6186391,attack,2,encoder_block_2,-0.7079176902770996,-4.719767093658447,-4.011849403381348
informationbaz_random_4,informationbaz,random,4,527433,6186391,attack,3,encoder_block_3,-0.2848539352416992,-3.69108247756958,-3.406228542327881
informationbaz_random_4,informationbaz,random,4,527433,6186391,attack,4,encoder_block_4,-0.04260063171386719,-3.2236294746398926,-3.1810288429260254
informationbaz_random_4,informationbaz,random,4,527433,6186391,attack,5,encoder_block_5,-0.06471729278564453,-2.962362289428711,-2.8976449966430664
informationbaz_random_4,informationbaz,random,4,527433,6186391,attack,6,encoder_block_6,-0.14771246910095215,-2.709001064300537,-2.561288595199585
informationbaz_random_4,informationbaz,random,4,527433,6186391,attack,7,encoder_block_7,-0.07018804550170898,-2.4884047508239746,-2.4182167053222656
informationbaz_random_4,informationbaz,random,4,527433,6186391,attack,8,encoder_block_8,-0.10707378387451172,-2.547408103942871,-2.4403343200683594
informationbaz_random_4,informationbaz,random,4,527433,6186391,attack,9,encoder_block_9,0.2517549991607666,-1.9634716510772705,-2.215226650238037
informationbaz_random_4,informationbaz,random,4,527433,6186391,attack,10,encoder_block_10,0.3700495958328247,-1.8966468572616577,-2.2666964530944824
informationbaz_random_4,informationbaz,random,4,527433,6186391,attack,11,encoder_block_11,1.3739886283874512,-1.2467131614685059,-2.620701789855957
informationbaz_random_4,informationbaz,random,4,527433,6186391,attack,12,encoder_block_12,2.217991590499878,-0.574347972869873,-2.792339563369751
informationbaz_random_4,informationbaz,random,4,573724,3365633,original,0,embedding,0.5385451316833496,-4.578929424285889,-5.117474555969238
informationbaz_random_4,informationbaz,random,4,573724,3365633,original,1,encoder_block_1,0.4097919464111328,-5.003068923950195,-5.412860870361328
informationbaz_random_4,informationbaz,random,4,573724,3365633,original,2,encoder_block_2,0.6967830657958984,-4.549430847167969,-5.246213912963867
informationbaz_random_4,informationbaz,random,4,573724,3365633,original,3,encoder_block_3,0.7205619812011719,-4.089921474456787,-4.810483455657959
informationbaz_random_4,informationbaz,random,4,573724,3365633,original,4,encoder_block_4,0.6689319610595703,-4.107260227203369,-4.7761921882629395
informationbaz_random_4,informationbaz,random,4,573724,3365633,original,5,encoder_block_5,0.6640961170196533,-3.8745224475860596,-4.538618564605713
informationbaz_random_4,informationbaz,random,4,573724,3365633,original,6,encoder_block_6,0.636467456817627,-4.004833698272705,-4.641301155090332
informationbaz_random_4,informationbaz,random,4,573724,3365633,original,7,encoder_block_7,0.8578405380249023,-4.095047473907471,-4.952888011932373
informationbaz_random_4,informationbaz,random,4,573724,3365633,original,8,encoder_block_8,1.016554832458496,-4.130462646484375,-5.147017478942871
informationbaz_random_4,informationbaz,random,4,573724,3365633,original,9,encoder_block_9,1.0867230892181396,-3.559032678604126,-4.645755767822266
informationbaz_random_4,informationbaz,random,4,573724,3365633,original,10,encoder_block_10,1.3101067543029785,-3.6020421981811523,-4.912148952484131
informationbaz_random_4,informationbaz,random,4,573724,3365633,original,11,encoder_block_11,2.012021541595459,-3.528928756713867,-5.540950298309326
informationbaz_random_4,informationbaz,random,4,573724,3365633,original,12,encoder_block_12,3.365236520767212,-3.112347364425659,-6.477583885192871
informationbaz_random_4,informationbaz,random,4,573724,3365633,padded_control,0,embedding,0.5385451316833496,-4.578929424285889,-5.117474555969238
informationbaz_random_4,informationbaz,random,4,573724,3365633,padded_control,1,encoder_block_1,0.4154186248779297,-5.006113052368164,-5.421531677246094
informationbaz_random_4,informationbaz,random,4,573724,3365633,padded_control,2,encoder_block_2,0.6972899436950684,-4.570877552032471,-5.268167495727539
informationbaz_random_4,informationbaz,random,4,573724,3365633,padded_control,3,encoder_block_3,0.7276926040649414,-4.118244171142578,-4.8459367752075195
informationbaz_random_4,informationbaz,random,4,573724,3365633,padded_control,4,encoder_block_4,0.6735200881958008,-4.141145706176758,-4.814665794372559
informationbaz_random_4,informationbaz,random,4,573724,3365633,padded_control,5,encoder_block_5,0.6618061065673828,-3.8995399475097656,-4.561346054077148
informationbaz_random_4,informationbaz,random,4,573724,3365633,padded_control,6,encoder_block_6,0.6278076171875,-4.041394233703613,-4.669201850891113
informationbaz_random_4,informationbaz,random,4,573724,3365633,padded_control,7,encoder_block_7,0.8416829109191895,-4.097383499145508,-4.939066410064697
informationbaz_random_4,informationbaz,random,4,573724,3365633,padded_control,8,encoder_block_8,1.0008172988891602,-4.134624481201172,-5.135441780090332
informationbaz_random_4,informationbaz,random,4,573724,3365633,padded_control,9,encoder_block_9,1.0562469959259033,-3.5858352184295654,-4.642082214355469
informationbaz_random_4,informationbaz,random,4,573724,3365633,padded_control,10,encoder_block_10,1.2771334648132324,-3.6457700729370117,-4.922903537750244
informationbaz_random_4,informationbaz,random,4,573724,3365633,padded_control,11,encoder_block_11,1.970158576965332,-3.5450077056884766,-5.515166282653809
informationbaz_random_4,informationbaz,random,4,573724,3365633,padded_control,12,encoder_block_12,3.293572187423706,-2.799237012863159,-6.092809200286865
informationbaz_random_4,informationbaz,random,4,573724,3365633,attack,0,embedding,0.29982948303222656,-4.757814407348633,-5.057643890380859
informationbaz_random_4,informationbaz,random,4,573724,3365633,attack,1,encoder_block_1,0.2382802963256836,-4.996650695800781,-5.234930992126465
informationbaz_random_4,informationbaz,random,4,573724,3365633,attack,2,encoder_block_2,0.6365165710449219,-4.388619422912598,-5.0251359939575195
informationbaz_random_4,informationbaz,random,4,573724,3365633,attack,3,encoder_block_3,0.7415359020233154,-3.7473270893096924,-4.488862991333008
informationbaz_random_4,informationbaz,random,4,573724,3365633,attack,4,encoder_block_4,0.6477065086364746,-3.5828070640563965,-4.230513572692871
informationbaz_random_4,informationbaz,random,4,573724,3365633,attack,5,encoder_block_5,0.6393797397613525,-3.3448143005371094,-3.984194040298462
informationbaz_random_4,informationbaz,random,4,573724,3365633,attack,6,encoder_block_6,0.585315465927124,-3.500551462173462,-4.085866928100586
informationbaz_random_4,informationbaz,random,4,573724,3365633,attack,7,encoder_block_7,0.7259411811828613,-3.489048480987549,-4.21498966217041
informationbaz_random_4,informationbaz,random,4,573724,3365633,attack,8,encoder_block_8,0.9057955741882324,-3.6377720832824707,-4.543567657470703
informationbaz_random_4,informationbaz,random,4,573724,3365633,attack,9,encoder_block_9,1.0758683681488037,-3.108837366104126,-4.18470573425293
informationbaz_random_4,informationbaz,random,4,573724,3365633,attack,10,encoder_block_10,1.3400568962097168,-3.3519997596740723,-4.692056655883789
informationbaz_random_4,informationbaz,random,4,573724,3365633,attack,11,encoder_block_11,2.0466744899749756,-3.185784101486206,-5.232458591461182
informationbaz_random_4,informationbaz,random,4,573724,3365633,attack,12,encoder_block_12,3.055985689163208,-1.9179661273956299,-4.973951816558838
informationbaz_random_4,informationbaz,random,4,833860,6230226,original,0,embedding,0.18137121200561523,-4.428895950317383,-4.610267162322998
informationbaz_random_4,informationbaz,random,4,833860,6230226,original,1,encoder_block_1,0.003852367401123047,-4.646231174468994,-4.650083541870117
informationbaz_random_4,informationbaz,random,4,833860,6230226,original,2,encoder_block_2,0.22351741790771484,-4.618132591247559,-4.841650009155273
informationbaz_random_4,informationbaz,random,4,833860,6230226,original,3,encoder_block_3,0.5636570453643799,-3.905869245529175,-4.469526290893555
informationbaz_random_4,informationbaz,random,4,833860,6230226,original,4,encoder_block_4,0.662346363067627,-3.63631010055542,-4.298656463623047
informationbaz_random_4,informationbaz,random,4,833860,6230226,original,5,encoder_block_5,0.7447495460510254,-3.307767868041992,-4.052517414093018
informationbaz_random_4,informationbaz,random,4,833860,6230226,original,6,encoder_block_6,0.733391284942627,-2.7582802772521973,-3.491671562194824
informationbaz_random_4,informationbaz,random,4,833860,6230226,original,7,encoder_block_7,0.8366022109985352,-2.538731575012207,-3.375333786010742
informationbaz_random_4,informationbaz,random,4,833860,6230226,original,8,encoder_block_8,0.889418363571167,-2.742232084274292,-3.631650447845459
informationbaz_random_4,informationbaz,random,4,833860,6230226,original,9,encoder_block_9,1.210526466369629,-2.5280251502990723,-3.738551616668701
informationbaz_random_4,informationbaz,random,4,833860,6230226,original,10,encoder_block_10,1.6339516639709473,-3.1953563690185547,-4.829308032989502
informationbaz_random_4,informationbaz,random,4,833860,6230226,original,11,encoder_block_11,3.701798439025879,-5.939862251281738,-9.641660690307617
informationbaz_random_4,informationbaz,random,4,833860,6230226,original,12,encoder_block_12,6.444667816162109,-15.758939743041992,-22.2036075592041
informationbaz_random_4,informationbaz,random,4,833860,6230226,padded_control,0,embedding,0.18137073516845703,-4.428895950317383,-4.61026668548584
informationbaz_random_4,informationbaz,random,4,833860,6230226,padded_control,1,encoder_block_1,0.010802745819091797,-4.646847248077393,-4.657649993896484
informationbaz_random_4,informationbaz,random,4,833860,6230226,padded_control,2,encoder_block_2,0.2245335578918457,-4.627431869506836,-4.851965427398682
informationbaz_random_4,informationbaz,random,4,833860,6230226,padded_control,3,encoder_block_3,0.5585827827453613,-3.91510009765625,-4.473682880401611
informationbaz_random_4,informationbaz,random,4,833860,6230226,padded_control,4,encoder_block_4,0.6593496799468994,-3.646127462387085,-4.305477142333984
informationbaz_random_4,informationbaz,random,4,833860,6230226,padded_control,5,encoder_block_5,0.7339925765991211,-3.3396759033203125,-4.073668479919434
informationbaz_random_4,informationbaz,random,4,833860,6230226,padded_control,6,encoder_block_6,0.7193934917449951,-2.786869764328003,-3.506263256072998
informationbaz_random_4,informationbaz,random,4,833860,6230226,padded_control,7,encoder_block_7,0.829017162322998,-2.557234287261963,-3.386251449584961
informationbaz_random_4,informationbaz,random,4,833860,6230226,padded_control,8,encoder_block_8,0.8734941482543945,-2.774043083190918,-3.6475372314453125
informationbaz_random_4,informationbaz,random,4,833860,6230226,padded_control,9,encoder_block_9,1.1811654567718506,-2.508392810821533,-3.689558267593384
informationbaz_random_4,informationbaz,random,4,833860,6230226,padded_control,10,encoder_block_10,1.6234979629516602,-3.16818904876709,-4.79168701171875
informationbaz_random_4,informationbaz,random,4,833860,6230226,padded_control,11,encoder_block_11,3.693983554840088,-5.879004001617432,-9.57298755645752
informationbaz_random_4,informationbaz,random,4,833860,6230226,padded_control,12,encoder_block_12,6.454011917114258,-15.756368637084961,-22.21038055419922
informationbaz_random_4,informationbaz,random,4,833860,6230226,attack,0,embedding,0.04555702209472656,-4.376687049865723,-4.422244071960449
informationbaz_random_4,informationbaz,random,4,833860,6230226,attack,1,encoder_block_1,-0.026797771453857422,-4.52313756942749,-4.496339797973633
informationbaz_random_4,informationbaz,random,4,833860,6230226,attack,2,encoder_block_2,0.059893131256103516,-4.422924041748047,-4.48281717300415
informationbaz_random_4,informationbaz,random,4,833860,6230226,attack,3,encoder_block_3,0.39443540573120117,-3.716825008392334,-4.111260414123535
informationbaz_random_4,informationbaz,random,4,833860,6230226,attack,4,encoder_block_4,0.4728057384490967,-3.2628610134124756,-3.7356667518615723
informationbaz_random_4,informationbaz,random,4,833860,6230226,attack,5,encoder_block_5,0.576416015625,-2.9735634326934814,-3.5499794483184814
informationbaz_random_4,informationbaz,random,4,833860,6230226,attack,6,encoder_block_6,0.5724494457244873,-2.3185794353485107,-2.891028881072998
informationbaz_random_4,informationbaz,random,4,833860,6230226,attack,7,encoder_block_7,0.6541903018951416,-2.111140727996826,-2.7653310298919678
informationbaz_random_4,informationbaz,random,4,833860,6230226,attack,8,encoder_block_8,0.7139592170715332,-2.3734898567199707,-3.087449073791504
informationbaz_random_4,informationbaz,random,4,833860,6230226,attack,9,encoder_block_9,1.051039457321167,-2.257814884185791,-3.308854341506958
informationbaz_random_4,informationbaz,random,4,833860,6230226,attack,10,encoder_block_10,1.559678554534912,-3.061032772064209,-4.620711326599121
informationbaz_random_4,informationbaz,random,4,833860,6230226,attack,11,encoder_block_11,3.6192216873168945,-5.85953426361084,-9.478755950927734
informationbaz_random_4,informationbaz,random,4,833860,6230226,attack,12,encoder_block_12,6.31129264831543,-15.412405014038086,-21.723697662353516
informationbaz_random_4,informationbaz,random,4,855410,8651772,original,0,embedding,0.5264654159545898,-3.2452802658081055,-3.7717456817626953
informationbaz_random_4,informationbaz,random,4,855410,8651772,original,1,encoder_block_1,0.4964876174926758,-4.14997673034668,-4.6464643478393555
informationbaz_random_4,informationbaz,random,4,855410,8651772,original,2,encoder_block_2,0.4185943603515625,-4.59362268447876,-5.012217044830322
informationbaz_random_4,informationbaz,random,4,855410,8651772,original,3,encoder_block_3,0.4122314453125,-3.774261474609375,-4.186492919921875
informationbaz_random_4,informationbaz,random,4,855410,8651772,original,4,encoder_block_4,0.35302090644836426,-3.1184704303741455,-3.4714913368225098
informationbaz_random_4,informationbaz,random,4,855410,8651772,original,5,encoder_block_5,0.14837408065795898,-2.7484045028686523,-2.8967785835266113
informationbaz_random_4,informationbaz,random,4,855410,8651772,original,6,encoder_block_6,0.08929300308227539,-2.7670388221740723,-2.8563318252563477
informationbaz_random_4,informationbaz,random,4,855410,8651772,original,7,encoder_block_7,-0.06566238403320312,-2.731924533843994,-2.666262149810791
informationbaz_random_4,informationbaz,random,4,855410,8651772,original,8,encoder_block_8,0.1337442398071289,-2.7540674209594727,-2.8878116607666016
informationbaz_random_4,informationbaz,random,4,855410,8651772,original,9,encoder_block_9,0.2155776023864746,-2.3018393516540527,-2.5174169540405273
informationbaz_random_4,informationbaz,random,4,855410,8651772,original,10,encoder_block_10,0.026694774627685547,-1.8233734369277954,-1.850068211555481
informationbaz_random_4,informationbaz,random,4,855410,8651772,original,11,encoder_block_11,0.5747649669647217,-1.8306496143341064,-2.405414581298828
informationbaz_random_4,informationbaz,random,4,855410,8651772,original,12,encoder_block_12,0.2199397087097168,-0.41243064403533936,-0.6323703527450562
informationbaz_random_4,informationbaz,random,4,855410,8651772,padded_control,0,embedding,0.5264661312103271,-3.2452797889709473,-3.7717459201812744
informationbaz_random_4,informationbaz,random,4,855410,8651772,padded_control,1,encoder_block_1,0.48061227798461914,-4.1673970222473145,-4.648009300231934
informationbaz_random_4,informationbaz,random,4,855410,8651772,padded_control,2,encoder_block_2,0.3858041763305664,-4.667631149291992,-5.053435325622559
informationbaz_random_4,informationbaz,random,4,855410,8651772,padded_control,3,encoder_block_3,0.38393115997314453,-3.8593196868896484,-4.243250846862793
informationbaz_random_4,informationbaz,random,4,855410,8651772,padded_control,4,encoder_block_4,0.3427770137786865,-3.1736271381378174,-3.516404151916504
informationbaz_random_4,informationbaz,random,4,855410,8651772,padded_control,5,encoder_block_5,0.14086413383483887,-2.752718687057495,-2.893582820892334
informationbaz_random_4,informationbaz,random,4,855410,8651772,padded_control,6,encoder_block_6,0.07367253303527832,-2.7909321784973145,-2.8646047115325928
informationbaz_random_4,informationbaz,random,4,855410,8651772,padded_control,7,encoder_block_7,-0.08521890640258789,-2.791002035140991,-2.7057831287384033
informationbaz_random_4,informationbaz,random,4,855410,8651772,padded_control,8,encoder_block_8,0.1326000690460205,-2.851942300796509,-2.9845423698425293
informationbaz_random_4,informationbaz,random,4,855410,8651772,padded_control,9,encoder_block_9,0.19778680801391602,-2.4119510650634766,-2.6097378730773926
informationbaz_random_4,informationbaz,random,4,855410,8651772,padded_control,10,encoder_block_10,0.03840494155883789,-1.8562016487121582,-1.894606590270996
informationbaz_random_4,informationbaz,random,4,855410,8651772,padded_control,11,encoder_block_11,0.5885570049285889,-1.7955105304718018,-2.3840675354003906
informationbaz_random_4,informationbaz,random,4,855410,8651772,padded_control,12,encoder_block_12,0.30836668610572815,-0.36716392636299133,-0.6755306124687195
informationbaz_random_4,informationbaz,random,4,855410,8651772,attack,0,embedding,0.33519577980041504,-3.6264994144439697,-3.9616951942443848
informationbaz_random_4,informationbaz,random,4,855410,8651772,attack,1,encoder_block_1,0.33532047271728516,-4.710528373718262,-5.045848846435547
informationbaz_random_4,informationbaz,random,4,855410,8651772,attack,2,encoder_block_2,0.1659235954284668,-4.380045413970947,-4.545969009399414
informationbaz_random_4,informationbaz,random,4,855410,8651772,attack,3,encoder_block_3,0.18640470504760742,-3.267770767211914,-3.4541754722595215
informationbaz_random_4,informationbaz,random,4,855410,8651772,attack,4,encoder_block_4,0.22923707962036133,-2.448613166809082,-2.6778502464294434
informationbaz_random_4,informationbaz,random,4,855410,8651772,attack,5,encoder_block_5,0.13977313041687012,-2.1909146308898926,-2.3306877613067627
informationbaz_random_4,informationbaz,random,4,855410,8651772,attack,6,encoder_block_6,0.1298370361328125,-2.1224312782287598,-2.2522683143615723
informationbaz_random_4,informationbaz,random,4,855410,8651772,attack,7,encoder_block_7,0.06386017799377441,-2.183234930038452,-2.2470951080322266
informationbaz_random_4,informationbaz,random,4,855410,8651772,attack,8,encoder_block_8,0.3461003303527832,-2.082767963409424,-2.428868293762207
informationbaz_random_4,informationbaz,random,4,855410,8651772,attack,9,encoder_block_9,0.3930310010910034,-1.6246520280838013,-2.0176830291748047
informationbaz_random_4,informationbaz,random,4,855410,8651772,attack,10,encoder_block_10,0.18871426582336426,-1.2794678211212158,-1.46818208694458
informationbaz_random_4,informationbaz,random,4,855410,8651772,attack,11,encoder_block_11,0.3815310001373291,-1.2894930839538574,-1.6710240840911865
informationbaz_random_4,informationbaz,random,4,855410,8651772,attack,12,encoder_block_12,-1.331082820892334,-2.4167470932006836,-1.0856642723083496
informationbaz_random_4,informationbaz,random,4,87181,2986227,original,0,embedding,0.427579402923584,-5.304801940917969,-5.732381343841553
informationbaz_random_4,informationbaz,random,4,87181,2986227,original,1,encoder_block_1,0.06662940979003906,-4.159938812255859,-4.226568222045898
informationbaz_random_4,informationbaz,random,4,87181,2986227,original,2,encoder_block_2,0.11260747909545898,-4.081729888916016,-4.194337368011475
informationbaz_random_4,informationbaz,random,4,87181,2986227,original,3,encoder_block_3,0.034787654876708984,-4.050899505615234,-4.085687160491943
informationbaz_random_4,informationbaz,random,4,87181,2986227,original,4,encoder_block_4,-0.22368526458740234,-4.407164096832275,-4.183478832244873
informationbaz_random_4,informationbaz,random,4,87181,2986227,original,5,encoder_block_5,-0.2539844512939453,-4.371502876281738,-4.117518424987793
informationbaz_random_4,informationbaz,random,4,87181,2986227,original,6,encoder_block_6,-0.298931360244751,-4.142814636230469,-3.8438832759857178
informationbaz_random_4,informationbaz,random,4,87181,2986227,original,7,encoder_block_7,-0.10242223739624023,-4.259456634521484,-4.157034397125244
informationbaz_random_4,informationbaz,random,4,87181,2986227,original,8,encoder_block_8,-0.014049053192138672,-4.6600518226623535,-4.646002769470215
informationbaz_random_4,informationbaz,random,4,87181,2986227,original,9,encoder_block_9,0.43579578399658203,-4.281993389129639,-4.717789173126221
informationbaz_random_4,informationbaz,random,4,87181,2986227,original,10,encoder_block_10,0.8540353775024414,-4.671383857727051,-5.525419235229492
informationbaz_random_4,informationbaz,random,4,87181,2986227,original,11,encoder_block_11,2.3489179611206055,-4.191373348236084,-6.5402913093566895
informationbaz_random_4,informationbaz,random,4,87181,2986227,original,12,encoder_block_12,3.095364809036255,-2.8032290935516357,-5.898593902587891
informationbaz_random_4,informationbaz,random,4,87181,2986227,padded_control,0,embedding,0.4275789260864258,-5.304801940917969,-5.7323808670043945
informationbaz_random_4,informationbaz,random,4,87181,2986227,padded_control,1,encoder_block_1,0.08360767364501953,-4.174546241760254,-4.258153915405273
informationbaz_random_4,informationbaz,random,4,87181,2986227,padded_control,2,encoder_block_2,0.10814380645751953,-4.123042583465576,-4.231186389923096
informationbaz_random_4,informationbaz,random,4,87181,2986227,padded_control,3,encoder_block_3,0.035553932189941406,-4.076170921325684,-4.111724853515625
informationbaz_random_4,informationbaz,random,4,87181,2986227,padded_control,4,encoder_block_4,-0.22404241561889648,-4.4283013343811035,-4.204258918762207
informationbaz_random_4,informationbaz,random,4,87181,2986227,padded_control,5,encoder_block_5,-0.25890350341796875,-4.3885884284973145,-4.129684925079346
informationbaz_random_4,informationbaz,random,4,87181,2986227,padded_control,6,encoder_block_6,-0.30539751052856445,-4.154210567474365,-3.848813056945801
informationbaz_random_4,informationbaz,random,4,87181,2986227,padded_control,7,encoder_block_7,-0.1100001335144043,-4.297400951385498,-4.187400817871094
informationbaz_random_4,informationbaz,random,4,87181,2986227,padded_control,8,encoder_block_8,-0.014086723327636719,-4.665238380432129,-4.651151657104492
informationbaz_random_4,informationbaz,random,4,87181,2986227,padded_control,9,encoder_block_9,0.42226171493530273,-4.23921012878418,-4.661471843719482
informationbaz_random_4,informationbaz,random,4,87181,2986227,padded_control,10,encoder_block_10,0.8724040985107422,-4.673376083374023,-5.545780181884766
informationbaz_random_4,informationbaz,random,4,87181,2986227,padded_control,11,encoder_block_11,2.3682703971862793,-4.136031627655029,-6.504302024841309
informationbaz_random_4,informationbaz,random,4,87181,2986227,padded_control,12,encoder_block_12,3.2444653511047363,-3.4498634338378906,-6.694328784942627
informationbaz_random_4,informationbaz,random,4,87181,2986227,attack,0,embedding,0.3285198211669922,-5.257817268371582,-5.586337089538574
informationbaz_random_4,informationbaz,random,4,87181,2986227,attack,1,encoder_block_1,-0.06026268005371094,-4.154662132263184,-4.094399452209473
informationbaz_random_4,informationbaz,random,4,87181,2986227,attack,2,encoder_block_2,-0.04306530952453613,-3.748826026916504,-3.7057607173919678
informationbaz_random_4,informationbaz,random,4,87181,2986227,attack,3,encoder_block_3,0.023299694061279297,-3.4942891597747803,-3.5175888538360596
informationbaz_random_4,informationbaz,random,4,87181,2986227,attack,4,encoder_block_4,-0.24715447425842285,-3.6775612831115723,-3.4304068088531494
informationbaz_random_4,informationbaz,random,4,87181,2986227,attack,5,encoder_block_5,-0.3455498218536377,-3.7561376094818115,-3.410587787628174
informationbaz_random_4,informationbaz,random,4,87181,2986227,attack,6,encoder_block_6,-0.45725393295288086,-3.5216591358184814,-3.0644052028656006
informationbaz_random_4,informationbaz,random,4,87181,2986227,attack,7,encoder_block_7,-0.3200409412384033,-3.61114764213562,-3.291106700897217
informationbaz_random_4,informationbaz,random,4,87181,2986227,attack,8,encoder_block_8,-0.10763907432556152,-3.712529420852661,-3.6048903465270996
informationbaz_random_4,informationbaz,random,4,87181,2986227,attack,9,encoder_block_9,0.292752742767334,-3.522977352142334,-3.815730094909668
informationbaz_random_4,informationbaz,random,4,87181,2986227,attack,10,encoder_block_10,0.7011284828186035,-4.076278209686279,-4.777406692504883
informationbaz_random_4,informationbaz,random,4,87181,2986227,attack,11,encoder_block_11,2.4110097885131836,-4.027843475341797,-6.4388532638549805
informationbaz_random_4,informationbaz,random,4,87181,2986227,attack,12,encoder_block_12,3.704073905944824,-5.5440473556518555,-9.24812126159668
informationbaz_random_4,informationbaz,random,4,87452,186939,original,0,embedding,-0.13117647171020508,-2.722299575805664,-2.591123104095459
informationbaz_random_4,informationbaz,random,4,87452,186939,original,1,encoder_block_1,0.07000851631164551,-3.6447508335113525,-3.714759349822998
informationbaz_random_4,informationbaz,random,4,87452,186939,original,2,encoder_block_2,0.5808210372924805,-3.980860710144043,-4.561681747436523
informationbaz_random_4,informationbaz,random,4,87452,186939,original,3,encoder_block_3,0.5310637950897217,-3.3601813316345215,-3.891245126724243
informationbaz_random_4,informationbaz,random,4,87452,186939,original,4,encoder_block_4,0.5410923957824707,-3.134582996368408,-3.675675392150879
informationbaz_random_4,informationbaz,random,4,87452,186939,original,5,encoder_block_5,0.4766809940338135,-2.4726381301879883,-2.9493191242218018
informationbaz_random_4,informationbaz,random,4,87452,186939,original,6,encoder_block_6,0.40331315994262695,-2.601797103881836,-3.005110263824463
informationbaz_random_4,informationbaz,random,4,87452,186939,original,7,encoder_block_7,0.4157111644744873,-2.3963961601257324,-2.8121073246002197
informationbaz_random_4,informationbaz,random,4,87452,186939,original,8,encoder_block_8,0.5054173469543457,-2.2040603160858154,-2.709477663040161
informationbaz_random_4,informationbaz,random,4,87452,186939,original,9,encoder_block_9,0.892852783203125,-2.0212998390197754,-2.9141526222229004
informationbaz_random_4,informationbaz,random,4,87452,186939,original,10,encoder_block_10,0.9098341464996338,-2.768867254257202,-3.678701400756836
informationbaz_random_4,informationbaz,random,4,87452,186939,original,11,encoder_block_11,2.610426425933838,-3.7692627906799316,-6.3796892166137695
informationbaz_random_4,informationbaz,random,4,87452,186939,original,12,encoder_block_12,4.912345886230469,-11.0762939453125,-15.988639831542969
informationbaz_random_4,informationbaz,random,4,87452,186939,padded_control,0,embedding,-0.13117647171020508,-2.7223000526428223,-2.591123580932617
informationbaz_random_4,informationbaz,random,4,87452,186939,padded_control,1,encoder_block_1,0.08410048484802246,-3.605841636657715,-3.6899421215057373
informationbaz_random_4,informationbaz,random,4,87452,186939,padded_control,2,encoder_block_2,0.5876815319061279,-3.9901349544525146,-4.577816486358643
informationbaz_random_4,informationbaz,random,4,87452,186939,padded_control,3,encoder_block_3,0.5460288524627686,-3.376797914505005,-3.9228267669677734
informationbaz_random_4,informationbaz,random,4,87452,186939,padded_control,4,encoder_block_4,0.5405898094177246,-3.181684970855713,-3.7222747802734375
informationbaz_random_4,informationbaz,random,4,87452,186939,padded_control,5,encoder_block_5,0.49288272857666016,-2.54150390625,-3.03438663482666
informationbaz_random_4,informationbaz,random,4,87452,186939,padded_control,6,encoder_block_6,0.4109354019165039,-2.6605751514434814,-3.0715105533599854
informationbaz_random_4,informationbaz,random,4,87452,186939,padded_control,7,encoder_block_7,0.41480278968811035,-2.437729835510254,-2.8525326251983643
informationbaz_random_4,informationbaz,random,4,87452,186939,padded_control,8,encoder_block_8,0.5037400722503662,-2.2524213790893555,-2.7561614513397217
informationbaz_random_4,informationbaz,random,4,87452,186939,padded_control,9,encoder_block_9,0.9147772789001465,-2.065487861633301,-2.9802651405334473
informationbaz_random_4,informationbaz,random,4,87452,186939,padded_control,10,encoder_block_10,0.931751012802124,-2.758443593978882,-3.690194606781006
informationbaz_random_4,informationbaz,random,4,87452,186939,padded_control,11,encoder_block_11,2.542900800704956,-3.5020477771759033,-6.044948577880859
informationbaz_random_4,informationbaz,random,4,87452,186939,padded_control,12,encoder_block_12,4.809355735778809,-10.6773099899292,-15.486665725708008
informationbaz_random_4,informationbaz,random,4,87452,186939,attack,0,embedding,-0.2893860340118408,-2.830106496810913,-2.5407204627990723
informationbaz_random_4,informationbaz,random,4,87452,186939,attack,1,encoder_block_1,-0.14477086067199707,-3.1799182891845703,-3.0351474285125732
informationbaz_random_4,informationbaz,random,4,87452,186939,attack,2,encoder_block_2,0.31993746757507324,-3.4853272438049316,-3.805264711380005
informationbaz_random_4,informationbaz,random,4,87452,186939,attack,3,encoder_block_3,0.31133317947387695,-2.655778408050537,-2.967111587524414
informationbaz_random_4,informationbaz,random,4,87452,186939,attack,4,encoder_block_4,0.2981400489807129,-2.2053725719451904,-2.5035126209259033
informationbaz_random_4,informationbaz,random,4,87452,186939,attack,5,encoder_block_5,0.33777284622192383,-1.7586214542388916,-2.0963943004608154
informationbaz_random_4,informationbaz,random,4,87452,186939,attack,6,encoder_block_6,0.2583960294723511,-1.7450040578842163,-2.0034000873565674
informationbaz_random_4,informationbaz,random,4,87452,186939,attack,7,encoder_block_7,0.2645796537399292,-1.5812798738479614,-1.8458595275878906
informationbaz_random_4,informationbaz,random,4,87452,186939,attack,8,encoder_block_8,0.3204188346862793,-1.5621590614318848,-1.882577896118164
informationbaz_random_4,informationbaz,random,4,87452,186939,attack,9,encoder_block_9,0.7948765754699707,-1.4467337131500244,-2.241610288619995
informationbaz_random_4,informationbaz,random,4,87452,186939,attack,10,encoder_block_10,0.7956891059875488,-2.2044625282287598,-3.0001516342163086
informationbaz_random_4,informationbaz,random,4,87452,186939,attack,11,encoder_block_11,2.283343553543091,-2.1335041522979736,-4.4168477058410645
informationbaz_random_4,informationbaz,random,4,87452,186939,attack,12,encoder_block_12,3.7813730239868164,-5.603188514709473,-9.384561538696289
informationbaz_random_4,informationbaz,random,4,915593,4566816,original,0,embedding,-0.16498374938964844,-5.088481903076172,-4.923498153686523
informationbaz_random_4,informationbaz,random,4,915593,4566816,original,1,encoder_block_1,-0.13824462890625,-3.776326894760132,-3.638082265853882
informationbaz_random_4,informationbaz,random,4,915593,4566816,original,2,encoder_block_2,0.23962759971618652,-3.0509960651397705,-3.290623664855957
informationbaz_random_4,informationbaz,random,4,915593,4566816,original,3,encoder_block_3,0.27130722999572754,-2.7113354206085205,-2.982642650604248
informationbaz_random_4,informationbaz,random,4,915593,4566816,original,4,encoder_block_4,0.366396427154541,-2.6497888565063477,-3.0161852836608887
informationbaz_random_4,informationbaz,random,4,915593,4566816,original,5,encoder_block_5,0.44608283042907715,-2.3767621517181396,-2.822844982147217
informationbaz_random_4,informationbaz,random,4,915593,4566816,original,6,encoder_block_6,0.37441062927246094,-2.2350430488586426,-2.6094536781311035
informationbaz_random_4,informationbaz,random,4,915593,4566816,original,7,encoder_block_7,0.4818277359008789,-2.1403260231018066,-2.6221537590026855
informationbaz_random_4,informationbaz,random,4,915593,4566816,original,8,encoder_block_8,0.6857666969299316,-2.2840256690979004,-2.969792366027832
informationbaz_random_4,informationbaz,random,4,915593,4566816,original,9,encoder_block_9,1.0470024347305298,-1.8231419324874878,-2.8701443672180176
informationbaz_random_4,informationbaz,random,4,915593,4566816,original,10,encoder_block_10,0.49303126335144043,-1.8410284519195557,-2.334059715270996
informationbaz_random_4,informationbaz,random,4,915593,4566816,original,11,encoder_block_11,0.7250698804855347,-1.6542688608169556,-2.3793387413024902
informationbaz_random_4,informationbaz,random,4,915593,4566816,original,12,encoder_block_12,0.44505465030670166,-0.49819737672805786,-0.9432520270347595
informationbaz_random_4,informationbaz,random,4,915593,4566816,padded_control,0,embedding,-0.16498470306396484,-5.088482856750488,-4.923498153686523
informationbaz_random_4,informationbaz,random,4,915593,4566816,padded_control,1,encoder_block_1,-0.12919092178344727,-3.772401809692383,-3.6432108879089355
informationbaz_random_4,informationbaz,random,4,915593,4566816,padded_control,2,encoder_block_2,0.24835586547851562,-3.057582378387451,-3.305938243865967
informationbaz_random_4,informationbaz,random,4,915593,4566816,padded_control,3,encoder_block_3,0.2921006679534912,-2.7050962448120117,-2.997196912765503
informationbaz_random_4,informationbaz,random,4,915593,4566816,padded_control,4,encoder_block_4,0.3853425979614258,-2.64286470413208,-3.028207302093506
informationbaz_random_4,informationbaz,random,4,915593,4566816,padded_control,5,encoder_block_5,0.4519219398498535,-2.3760786056518555,-2.828000545501709
informationbaz_random_4,informationbaz,random,4,915593,4566816,padded_control,6,encoder_block_6,0.3628575801849365,-2.238290309906006,-2.6011478900909424
informationbaz_random_4,informationbaz,random,4,915593,4566816,padded_control,7,encoder_block_7,0.47571873664855957,-2.160243272781372,-2.6359620094299316
informationbaz_random_4,informationbaz,random,4,915593,4566816,padded_control,8,encoder_block_8,0.6962599754333496,-2.339561939239502,-3.0358219146728516
informationbaz_random_4,informationbaz,random,4,915593,4566816,padded_control,9,encoder_block_9,1.0560640096664429,-1.8356133699417114,-2.8916773796081543
informationbaz_random_4,informationbaz,random,4,915593,4566816,padded_control,10,encoder_block_10,0.5419846773147583,-1.828149676322937,-2.3701343536376953
informationbaz_random_4,informationbaz,random,4,915593,4566816,padded_control,11,encoder_block_11,0.7762668132781982,-1.6807169914245605,-2.456983804702759
informationbaz_random_4,informationbaz,random,4,915593,4566816,padded_control,12,encoder_block_12,0.5360987782478333,-0.49975866079330444,-1.0358574390411377
informationbaz_random_4,informationbaz,random,4,915593,4566816,attack,0,embedding,-0.3490900993347168,-5.374368190765381,-5.025278091430664
informationbaz_random_4,informationbaz,random,4,915593,4566816,attack,1,encoder_block_1,-0.2801353931427002,-3.8639681339263916,-3.5838327407836914
informationbaz_random_4,informationbaz,random,4,915593,4566816,attack,2,encoder_block_2,0.035329580307006836,-2.9460833072662354,-2.981412887573242
informationbaz_random_4,informationbaz,random,4,915593,4566816,attack,3,encoder_block_3,0.10521054267883301,-2.3814175128936768,-2.4866280555725098
informationbaz_random_4,informationbaz,random,4,915593,4566816,attack,4,encoder_block_4,0.21554017066955566,-1.9989688396453857,-2.2145090103149414
informationbaz_random_4,informationbaz,random,4,915593,4566816,attack,5,encoder_block_5,0.33971166610717773,-1.8924612998962402,-2.232172966003418
informationbaz_random_4,informationbaz,random,4,915593,4566816,attack,6,encoder_block_6,0.31618499755859375,-1.6743857860565186,-1.9905707836151123
informationbaz_random_4,informationbaz,random,4,915593,4566816,attack,7,encoder_block_7,0.42216014862060547,-1.5815389156341553,-2.0036990642547607
informationbaz_random_4,informationbaz,random,4,915593,4566816,attack,8,encoder_block_8,0.6994054317474365,-1.808007001876831,-2.5074124336242676
informationbaz_random_4,informationbaz,random,4,915593,4566816,attack,9,encoder_block_9,0.9796053171157837,-1.4036592245101929,-2.3832645416259766
informationbaz_random_4,informationbaz,random,4,915593,4566816,attack,10,encoder_block_10,0.4753851890563965,-1.515139102935791,-1.9905242919921875
informationbaz_random_4,informationbaz,random,4,915593,4566816,attack,11,encoder_block_11,0.4173544645309448,-1.5599874258041382,-1.977341890335083
informationbaz_random_4,informationbaz,random,4,915593,4566816,attack,12,encoder_block_12,-1.214627981185913,-2.3309788703918457,-1.1163508892059326
informationbaz_random_4,informationbaz,random,4,962179,4511501,original,0,embedding,0.9851646423339844,-1.5240063667297363,-2.5091710090637207
informationbaz_random_4,informationbaz,random,4,962179,4511501,original,1,encoder_block_1,1.0368893146514893,-2.636199474334717,-3.673088788986206
informationbaz_random_4,informationbaz,random,4,962179,4511501,original,2,encoder_block_2,1.1725363731384277,-2.393706798553467,-3.5662431716918945
informationbaz_random_4,informationbaz,random,4,962179,4511501,original,3,encoder_block_3,0.9585633277893066,-1.887300729751587,-2.8458640575408936
informationbaz_random_4,informationbaz,random,4,962179,4511501,original,4,encoder_block_4,0.7313004732131958,-1.8252671957015991,-2.556567668914795
informationbaz_random_4,informationbaz,random,4,962179,4511501,original,5,encoder_block_5,0.4647676944732666,-1.9222819805145264,-2.387049674987793
informationbaz_random_4,informationbaz,random,4,962179,4511501,original,6,encoder_block_6,0.48761439323425293,-2.008596658706665,-2.496211051940918
informationbaz_random_4,informationbaz,random,4,962179,4511501,original,7,encoder_block_7,0.4738295078277588,-2.380074977874756,-2.8539044857025146
informationbaz_random_4,informationbaz,random,4,962179,4511501,original,8,encoder_block_8,0.4282701015472412,-2.635422945022583,-3.063693046569824
informationbaz_random_4,informationbaz,random,4,962179,4511501,original,9,encoder_block_9,0.1025848388671875,-2.3236756324768066,-2.426260471343994
informationbaz_random_4,informationbaz,random,4,962179,4511501,original,10,encoder_block_10,-1.2267677783966064,-3.41845703125,-2.1916892528533936
informationbaz_random_4,informationbaz,random,4,962179,4511501,original,11,encoder_block_11,-4.054971694946289,-11.113511085510254,-7.058539390563965
informationbaz_random_4,informationbaz,random,4,962179,4511501,original,12,encoder_block_12,-12.218341827392578,-24.9416446685791,-12.723302841186523
informationbaz_random_4,informationbaz,random,4,962179,4511501,padded_control,0,embedding,0.9851641654968262,-1.5240058898925781,-2.5091700553894043
informationbaz_random_4,informationbaz,random,4,962179,4511501,padded_control,1,encoder_block_1,1.0245442390441895,-2.6269893646240234,-3.651533603668213
informationbaz_random_4,informationbaz,random,4,962179,4511501,padded_control,2,encoder_block_2,1.16255521774292,-2.3525562286376953,-3.5151114463806152
informationbaz_random_4,informationbaz,random,4,962179,4511501,padded_control,3,encoder_block_3,0.9465212821960449,-1.8103785514831543,-2.756899833679199
informationbaz_random_4,informationbaz,random,4,962179,4511501,padded_control,4,encoder_block_4,0.7177290916442871,-1.7213780879974365,-2.4391071796417236
informationbaz_random_4,informationbaz,random,4,962179,4511501,padded_control,5,encoder_block_5,0.4299497604370117,-1.8660669326782227,-2.2960166931152344
informationbaz_random_4,informationbaz,random,4,962179,4511501,padded_control,6,encoder_block_6,0.4823422431945801,-1.932866096496582,-2.415208339691162
informationbaz_random_4,informationbaz,random,4,962179,4511501,padded_control,7,encoder_block_7,0.4667541980743408,-2.2830164432525635,-2.7497706413269043
informationbaz_random_4,informationbaz,random,4,962179,4511501,padded_control,8,encoder_block_8,0.44431614875793457,-2.470141649246216,-2.9144577980041504
informationbaz_random_4,informationbaz,random,4,962179,4511501,padded_control,9,encoder_block_9,0.1312255859375,-2.1848063468933105,-2.3160319328308105
informationbaz_random_4,informationbaz,random,4,962179,4511501,padded_control,10,encoder_block_10,-1.1853785514831543,-3.2830028533935547,-2.0976243019104004
informationbaz_random_4,informationbaz,random,4,962179,4511501,padded_control,11,encoder_block_11,-4.038547515869141,-10.864785194396973,-6.826237678527832
informationbaz_random_4,informationbaz,random,4,962179,4511501,padded_control,12,encoder_block_12,-12.3046875,-24.989665985107422,-12.684978485107422
informationbaz_random_4,informationbaz,random,4,962179,4511501,attack,0,embedding,0.6095507144927979,-1.9941017627716064,-2.6036524772644043
informationbaz_random_4,informationbaz,random,4,962179,4511501,attack,1,encoder_block_1,0.6114842891693115,-3.039476156234741,-3.6509604454040527
informationbaz_random_4,informationbaz,random,4,962179,4511501,attack,2,encoder_block_2,0.7531924247741699,-2.5108656883239746,-3.2640581130981445
informationbaz_random_4,informationbaz,random,4,962179,4511501,attack,3,encoder_block_3,0.6600048542022705,-1.6772608757019043,-2.337265729904175
informationbaz_random_4,informationbaz,random,4,962179,4511501,attack,4,encoder_block_4,0.5696326494216919,-1.1669354438781738,-1.7365680932998657
informationbaz_random_4,informationbaz,random,4,962179,4511501,attack,5,encoder_block_5,0.5241072177886963,-1.3428044319152832,-1.8669116497039795
informationbaz_random_4,informationbaz,random,4,962179,4511501,attack,6,encoder_block_6,0.592473030090332,-1.2249479293823242,-1.8174209594726562
informationbaz_random_4,informationbaz,random,4,962179,4511501,attack,7,encoder_block_7,0.5316900014877319,-1.5691388845443726,-2.1008288860321045
informationbaz_random_4,informationbaz,random,4,962179,4511501,attack,8,encoder_block_8,0.6472952365875244,-1.5559887886047363,-2.2032840251922607
informationbaz_random_4,informationbaz,random,4,962179,4511501,attack,9,encoder_block_9,0.4140284061431885,-1.509131669998169,-1.9231600761413574
informationbaz_random_4,informationbaz,random,4,962179,4511501,attack,10,encoder_block_10,-0.9210681915283203,-2.615870475769043,-1.6948022842407227
informationbaz_random_4,informationbaz,random,4,962179,4511501,attack,11,encoder_block_11,-3.00233793258667,-5.9730224609375,-2.97068452835083
informationbaz_random_4,informationbaz,random,4,962179,4511501,attack,12,encoder_block_12,-12.109403610229492,-24.956623077392578,-12.847219467163086
informationbaz_random_4,informationbaz,random,4,1037798,8760864,original,0,embedding,0.7303557395935059,-1.6600003242492676,-2.3903560638427734
informationbaz_random_4,informationbaz,random,4,1037798,8760864,original,1,encoder_block_1,0.9469332695007324,-2.9082584381103516,-3.855191707611084
informationbaz_random_4,informationbaz,random,4,1037798,8760864,original,2,encoder_block_2,0.9388406276702881,-3.2502834796905518,-4.18912410736084
informationbaz_random_4,informationbaz,random,4,1037798,8760864,original,3,encoder_block_3,0.7089104652404785,-3.0107054710388184,-3.719615936279297
informationbaz_random_4,informationbaz,random,4,1037798,8760864,original,4,encoder_block_4,0.5630388259887695,-2.813721179962158,-3.3767600059509277
informationbaz_random_4,informationbaz,random,4,1037798,8760864,original,5,encoder_block_5,0.5692088603973389,-2.402256727218628,-2.971465587615967
informationbaz_random_4,informationbaz,random,4,1037798,8760864,original,6,encoder_block_6,0.6406629085540771,-1.9338772296905518,-2.574540138244629
informationbaz_random_4,informationbaz,random,4,1037798,8760864,original,7,encoder_block_7,0.7611713409423828,-2.197761058807373,-2.958932399749756
informationbaz_random_4,informationbaz,random,4,1037798,8760864,original,8,encoder_block_8,0.871514081954956,-1.728548288345337,-2.600062370300293
informationbaz_random_4,informationbaz,random,4,1037798,8760864,original,9,encoder_block_9,1.0296305418014526,-1.5819941759109497,-2.6116247177124023
informationbaz_random_4,informationbaz,random,4,1037798,8760864,original,10,encoder_block_10,0.950800895690918,-1.7393693923950195,-2.6901702880859375
informationbaz_random_4,informationbaz,random,4,1037798,8760864,original,11,encoder_block_11,1.704943060874939,-1.7269765138626099,-3.431919574737549
informationbaz_random_4,informationbaz,random,4,1037798,8760864,original,12,encoder_block_12,2.394439935684204,-0.7560708522796631,-3.150510787963867
informationbaz_random_4,informationbaz,random,4,1037798,8760864,padded_control,0,embedding,0.7303557395935059,-1.6600003242492676,-2.3903560638427734
informationbaz_random_4,informationbaz,random,4,1037798,8760864,padded_control,1,encoder_block_1,0.9509963989257812,-2.8957791328430176,-3.846775531768799
informationbaz_random_4,informationbaz,random,4,1037798,8760864,padded_control,2,encoder_block_2,0.9293975830078125,-3.2582149505615234,-4.187612533569336
informationbaz_random_4,informationbaz,random,4,1037798,8760864,padded_control,3,encoder_block_3,0.6870138645172119,-3.029245615005493,-3.716259479522705
informationbaz_random_4,informationbaz,random,4,1037798,8760864,padded_control,4,encoder_block_4,0.5449528694152832,-2.84413480758667,-3.389087677001953
informationbaz_random_4,informationbaz,random,4,1037798,8760864,padded_control,5,encoder_block_5,0.5405609607696533,-2.4310414791107178,-2.971602439880371
informationbaz_random_4,informationbaz,random,4,1037798,8760864,padded_control,6,encoder_block_6,0.6008732318878174,-1.9730799198150635,-2.573953151702881
informationbaz_random_4,informationbaz,random,4,1037798,8760864,padded_control,7,encoder_block_7,0.7176969051361084,-2.194767951965332,-2.9124648571014404
informationbaz_random_4,informationbaz,random,4,1037798,8760864,padded_control,8,encoder_block_8,0.8418806791305542,-1.7241154909133911,-2.5659961700439453
informationbaz_random_4,informationbaz,random,4,1037798,8760864,padded_control,9,encoder_block_9,1.0034409761428833,-1.5418189764022827,-2.545259952545166
informationbaz_random_4,informationbaz,random,4,1037798,8760864,padded_control,10,encoder_block_10,0.9195787906646729,-1.6963324546813965,-2.6159112453460693
informationbaz_random_4,informationbaz,random,4,1037798,8760864,padded_control,11,encoder_block_11,1.665588140487671,-1.7589235305786133,-3.424511671066284
informationbaz_random_4,informationbaz,random,4,1037798,8760864,padded_control,12,encoder_block_12,2.452790856361389,-0.8666077852249146,-3.3193986415863037
informationbaz_random_4,informationbaz,random,4,1037798,8760864,attack,0,embedding,0.6317275762557983,-1.659985899925232,-2.2917134761810303
informationbaz_random_4,informationbaz,random,4,1037798,8760864,attack,1,encoder_block_1,0.8850216865539551,-2.7120208740234375,-3.5970425605773926
informationbaz_random_4,informationbaz,random,4,1037798,8760864,attack,2,encoder_block_2,0.8354370594024658,-2.808307647705078,-3.643744707107544
informationbaz_random_4,informationbaz,random,4,1037798,8760864,attack,3,encoder_block_3,0.6604981422424316,-2.5067477226257324,-3.167245864868164
informationbaz_random_4,informationbaz,random,4,1037798,8760864,attack,4,encoder_block_4,0.5327205657958984,-2.173779010772705,-2.7064995765686035
informationbaz_random_4,informationbaz,random,4,1037798,8760864,attack,5,encoder_block_5,0.5427863597869873,-1.8676862716674805,-2.4104726314544678
informationbaz_random_4,informationbaz,random,4,1037798,8760864,attack,6,encoder_block_6,0.6053268909454346,-1.4879748821258545,-2.093301773071289
informationbaz_random_4,informationbaz,random,4,1037798,8760864,attack,7,encoder_block_7,0.6989777088165283,-1.7518649101257324,-2.4508426189422607
informationbaz_random_4,informationbaz,random,4,1037798,8760864,attack,8,encoder_block_8,0.8795129060745239,-1.2084747552871704,-2.0879876613616943
informationbaz_random_4,informationbaz,random,4,1037798,8760864,attack,9,encoder_block_9,1.072754979133606,-1.1616498231887817,-2.2344048023223877
informationbaz_random_4,informationbaz,random,4,1037798,8760864,attack,10,encoder_block_10,0.8875946998596191,-1.387436866760254,-2.275031566619873
informationbaz_random_4,informationbaz,random,4,1037798,8760864,attack,11,encoder_block_11,1.2916288375854492,-1.3210983276367188,-2.612727165222168
informationbaz_random_4,informationbaz,random,4,1037798,8760864,attack,12,encoder_block_12,1.769698977470398,-0.34512150287628174,-2.1148204803466797
informationbaz_random_4,informationbaz,random,4,104861,409268,original,0,embedding,0.5991559028625488,-5.505288124084473,-6.1044440269470215
informationbaz_random_4,informationbaz,random,4,104861,409268,original,1,encoder_block_1,0.8868560791015625,-5.092992782592773,-5.979848861694336
informationbaz_random_4,informationbaz,random,4,104861,409268,original,2,encoder_block_2,0.9116034507751465,-4.797179698944092,-5.708783149719238
informationbaz_random_4,informationbaz,random,4,104861,409268,original,3,encoder_block_3,0.8460087776184082,-4.3861894607543945,-5.232198238372803
informationbaz_random_4,informationbaz,random,4,104861,409268,original,4,encoder_block_4,0.7598123550415039,-3.9628028869628906,-4.7226152420043945
informationbaz_random_4,informationbaz,random,4,104861,409268,original,5,encoder_block_5,0.8122644424438477,-3.750275135040283,-4.562539577484131
informationbaz_random_4,informationbaz,random,4,104861,409268,original,6,encoder_block_6,0.7597167491912842,-3.6701157093048096,-4.429832458496094
informationbaz_random_4,informationbaz,random,4,104861,409268,original,7,encoder_block_7,0.6356039047241211,-3.5835866928100586,-4.21919059753418
informationbaz_random_4,informationbaz,random,4,104861,409268,original,8,encoder_block_8,0.5618946552276611,-3.4774153232574463,-4.039309978485107
informationbaz_random_4,informationbaz,random,4,104861,409268,original,9,encoder_block_9,0.4007747173309326,-2.6800403594970703,-3.080815076828003
informationbaz_random_4,informationbaz,random,4,104861,409268,original,10,encoder_block_10,-1.1306967735290527,-3.371947765350342,-2.241250991821289
informationbaz_random_4,informationbaz,random,4,104861,409268,original,11,encoder_block_11,-2.110466480255127,-4.579209327697754,-2.468742847442627
informationbaz_random_4,informationbaz,random,4,104861,409268,original,12,encoder_block_12,-9.888593673706055,-24.551864624023438,-14.663270950317383
informationbaz_random_4,informationbaz,random,4,104861,409268,padded_control,0,embedding,0.599156379699707,-5.505288124084473,-6.10444450378418
informationbaz_random_4,informationbaz,random,4,104861,409268,padded_control,1,encoder_block_1,0.8911519050598145,-5.120361328125,-6.0115132331848145
informationbaz_random_4,informationbaz,random,4,104861,409268,padded_control,2,encoder_block_2,0.9214920997619629,-4.839414596557617,-5.76090669631958
informationbaz_random_4,informationbaz,random,4,104861,409268,padded_control,3,encoder_block_3,0.8687000274658203,-4.436634063720703,-5.305334091186523
informationbaz_random_4,informationbaz,random,4,104861,409268,padded_control,4,encoder_block_4,0.7791042327880859,-4.026069641113281,-4.805173873901367
informationbaz_random_4,informationbaz,random,4,104861,409268,padded_control,5,encoder_block_5,0.8253092765808105,-3.771920680999756,-4.597229957580566
informationbaz_random_4,informationbaz,random,4,104861,409268,padded_control,6,encoder_block_6,0.7754311561584473,-3.699345111846924,-4.474776268005371
informationbaz_random_4,informationbaz,random,4,104861,409268,padded_control,7,encoder_block_7,0.6576070785522461,-3.615781307220459,-4.273388385772705
informationbaz_random_4,informationbaz,random,4,104861,409268,padded_control,8,encoder_block_8,0.5975799560546875,-3.508854389190674,-4.106434345245361
informationbaz_random_4,informationbaz,random,4,104861,409268,padded_control,9,encoder_block_9,0.4381070137023926,-2.681756019592285,-3.1198630332946777
informationbaz_random_4,informationbaz,random,4,104861,409268,padded_control,10,encoder_block_10,-1.077692985534668,-3.3111438751220703,-2.2334508895874023
informationbaz_random_4,informationbaz,random,4,104861,409268,padded_control,11,encoder_block_11,-2.0816292762756348,-4.523159503936768,-2.441530227661133
informationbaz_random_4,informationbaz,random,4,104861,409268,padded_control,12,encoder_block_12,-9.91205883026123,-24.507474899291992,-14.595416069030762
informationbaz_random_4,informationbaz,random,4,104861,409268,attack,0,embedding,0.37531089782714844,-5.663586616516113,-6.038897514343262
informationbaz_random_4,informationbaz,random,4,104861,409268,attack,1,encoder_block_1,0.6609935760498047,-4.967226982116699,-5.628220558166504
informationbaz_random_4,informationbaz,random,4,104861,409268,attack,2,encoder_block_2,0.7259035110473633,-4.559741497039795,-5.285645008087158
informationbaz_random_4,informationbaz,random,4,104861,409268,attack,3,encoder_block_3,0.7317733764648438,-4.134070873260498,-4.865844249725342
informationbaz_random_4,informationbaz,random,4,104861,409268,attack,4,encoder_block_4,0.6935889720916748,-3.4291346073150635,-4.122723579406738
informationbaz_random_4,informationbaz,random,4,104861,409268,attack,5,encoder_block_5,0.7602725028991699,-3.268444538116455,-4.028717041015625
informationbaz_random_4,informationbaz,random,4,104861,409268,attack,6,encoder_block_6,0.6654369831085205,-3.071521759033203,-3.7369587421417236
informationbaz_random_4,informationbaz,random,4,104861,409268,attack,7,encoder_block_7,0.590949296951294,-2.9946258068084717,-3.5855751037597656
informationbaz_random_4,informationbaz,random,4,104861,409268,attack,8,encoder_block_8,0.529634952545166,-2.756618022918701,-3.286252975463867
informationbaz_random_4,informationbaz,random,4,104861,409268,attack,9,encoder_block_9,0.4529759883880615,-2.1530797481536865,-2.606055736541748
informationbaz_random_4,informationbaz,random,4,104861,409268,attack,10,encoder_block_10,-0.8944998979568481,-2.7153797149658203,-1.8208798170089722
informationbaz_random_4,informationbaz,random,4,104861,409268,attack,11,encoder_block_11,-2.1194729804992676,-4.302295684814453,-2.1828227043151855
informationbaz_random_4,informationbaz,random,4,104861,409268,attack,12,encoder_block_12,-10.380241394042969,-24.806468963623047,-14.426227569580078
informationbaz_random_4,informationbaz,random,4,1063750,6093907,original,0,embedding,0.40975356101989746,-2.559243679046631,-2.9689972400665283
informationbaz_random_4,informationbaz,random,4,1063750,6093907,original,1,encoder_block_1,-0.039067745208740234,-3.769259452819824,-3.730191707611084
informationbaz_random_4,informationbaz,random,4,1063750,6093907,original,2,encoder_block_2,0.1466982364654541,-3.441786050796509,-3.588484287261963
informationbaz_random_4,informationbaz,random,4,1063750,6093907,original,3,encoder_block_3,0.30937957763671875,-2.5667731761932373,-2.876152753829956
informationbaz_random_4,informationbaz,random,4,1063750,6093907,original,4,encoder_block_4,0.40174174308776855,-2.3841230869293213,-2.78586483001709
informationbaz_random_4,informationbaz,random,4,1063750,6093907,original,5,encoder_block_5,0.5072712898254395,-1.936572551727295,-2.4438438415527344
informationbaz_random_4,informationbaz,random,4,1063750,6093907,original,6,encoder_block_6,0.5528913736343384,-1.7874029874801636,-2.340294361114502
informationbaz_random_4,informationbaz,random,4,1063750,6093907,original,7,encoder_block_7,0.6627411842346191,-1.552048921585083,-2.214790105819702
informationbaz_random_4,informationbaz,random,4,1063750,6093907,original,8,encoder_block_8,0.5001193284988403,-1.313180685043335,-1.8133000135421753
informationbaz_random_4,informationbaz,random,4,1063750,6093907,original,9,encoder_block_9,0.400435209274292,-1.0835590362548828,-1.4839942455291748
informationbaz_random_4,informationbaz,random,4,1063750,6093907,original,10,encoder_block_10,0.4318147897720337,-1.6337040662765503,-2.065518856048584
informationbaz_random_4,informationbaz,random,4,1063750,6093907,original,11,encoder_block_11,0.8387397527694702,-0.807883620262146,-1.6466233730316162
informationbaz_random_4,informationbaz,random,4,1063750,6093907,original,12,encoder_block_12,0.09636592864990234,-1.2838020324707031,-1.3801679611206055
informationbaz_random_4,informationbaz,random,4,1063750,6093907,padded_control,0,embedding,0.40975356101989746,-2.5592434406280518,-2.968997001647949
informationbaz_random_4,informationbaz,random,4,1063750,6093907,padded_control,1,encoder_block_1,-0.0468597412109375,-3.761082649230957,-3.7142229080200195
informationbaz_random_4,informationbaz,random,4,1063750,6093907,padded_control,2,encoder_block_2,0.1618208885192871,-3.434553623199463,-3.59637451171875
informationbaz_random_4,informationbaz,random,4,1063750,6093907,padded_control,3,encoder_block_3,0.3169739246368408,-2.5265049934387207,-2.8434789180755615
informationbaz_random_4,informationbaz,random,4,1063750,6093907,padded_control,4,encoder_block_4,0.4053192138671875,-2.350560426712036,-2.7558796405792236
informationbaz_random_4,informationbaz,random,4,1063750,6093907,padded_control,5,encoder_block_5,0.5074260234832764,-1.9009501934051514,-2.4083762168884277
informationbaz_random_4,informationbaz,random,4,1063750,6093907,padded_control,6,encoder_block_6,0.5600490570068359,-1.769421100616455,-2.329470157623291
informationbaz_random_4,informationbaz,random,4,1063750,6093907,padded_control,7,encoder_block_7,0.66288161277771,-1.5604493618011475,-2.2233309745788574
informationbaz_random_4,informationbaz,random,4,1063750,6093907,padded_control,8,encoder_block_8,0.4960505962371826,-1.3209787607192993,-1.817029356956482
informationbaz_random_4,informationbaz,random,4,1063750,6093907,padded_control,9,encoder_block_9,0.37523162364959717,-1.0645352602005005,-1.4397668838500977
informationbaz_random_4,informationbaz,random,4,1063750,6093907,padded_control,10,encoder_block_10,0.38539695739746094,-1.6419479846954346,-2.0273449420928955
informationbaz_random_4,informationbaz,random,4,1063750,6093907,padded_control,11,encoder_block_11,0.7144227027893066,-0.9371739625930786,-1.6515966653823853
informationbaz_random_4,informationbaz,random,4,1063750,6093907,padded_control,12,encoder_block_12,-0.44629931449890137,-2.0667412281036377,-1.6204419136047363
informationbaz_random_4,informationbaz,random,4,1063750,6093907,attack,0,embedding,0.18358373641967773,-2.7066798210144043,-2.890263557434082
informationbaz_random_4,informationbaz,random,4,1063750,6093907,attack,1,encoder_block_1,-0.11598706245422363,-3.5217533111572266,-3.405766248703003
informationbaz_random_4,informationbaz,random,4,1063750,6093907,attack,2,encoder_block_2,-0.053884267807006836,-3.0557022094726562,-3.0018179416656494
informationbaz_random_4,informationbaz,random,4,1063750,6093907,attack,3,encoder_block_3,0.1018064022064209,-2.2261922359466553,-2.327998638153076
informationbaz_random_4,informationbaz,random,4,1063750,6093907,attack,4,encoder_block_4,0.18167638778686523,-1.8102190494537354,-1.9918954372406006
informationbaz_random_4,informationbaz,random,4,1063750,6093907,attack,5,encoder_block_5,0.37216007709503174,-1.5851593017578125,-1.9573193788528442
informationbaz_random_4,informationbaz,random,4,1063750,6093907,attack,6,encoder_block_6,0.5117801427841187,-1.3563932180404663,-1.868173360824585
informationbaz_random_4,informationbaz,random,4,1063750,6093907,attack,7,encoder_block_7,0.5777792930603027,-1.1871386766433716,-1.7649179697036743
informationbaz_random_4,informationbaz,random,4,1063750,6093907,attack,8,encoder_block_8,0.5423309803009033,-0.8007094860076904,-1.3430404663085938
informationbaz_random_4,informationbaz,random,4,1063750,6093907,attack,9,encoder_block_9,0.459181547164917,-0.8023340702056885,-1.2615156173706055
informationbaz_random_4,informationbaz,random,4,1063750,6093907,attack,10,encoder_block_10,0.4594053030014038,-1.3222144842147827,-1.7816197872161865
informationbaz_random_4,informationbaz,random,4,1063750,6093907,attack,11,encoder_block_11,0.6185262203216553,-1.0032918453216553,-1.6218180656433105
informationbaz_random_4,informationbaz,random,4,1063750,6093907,attack,12,encoder_block_12,0.09197330474853516,-2.26015567779541,-2.3521289825439453
informationbaz_random_4,informationbaz,random,4,1103812,8220085,original,0,embedding,0.9230751991271973,-2.896909236907959,-3.8199844360351562
informationbaz_random_4,informationbaz,random,4,1103812,8220085,original,1,encoder_block_1,0.7247791290283203,-3.7486448287963867,-4.473423957824707
informationbaz_random_4,informationbaz,random,4,1103812,8220085,original,2,encoder_block_2,0.7561402320861816,-4.364076137542725,-5.120216369628906
informationbaz_random_4,informationbaz,random,4,1103812,8220085,original,3,encoder_block_3,0.5901646614074707,-3.8227624893188477,-4.412927150726318
informationbaz_random_4,informationbaz,random,4,1103812,8220085,original,4,encoder_block_4,0.504183292388916,-3.9753918647766113,-4.479575157165527
informationbaz_random_4,informationbaz,random,4,1103812,8220085,original,5,encoder_block_5,0.4698984622955322,-3.882251501083374,-4.352149963378906
informationbaz_random_4,informationbaz,random,4,1103812,8220085,original,6,encoder_block_6,0.4955623149871826,-3.669250726699829,-4.164813041687012
informationbaz_random_4,informationbaz,random,4,1103812,8220085,original,7,encoder_block_7,0.5572690963745117,-3.5807228088378906,-4.137991905212402
informationbaz_random_4,informationbaz,random,4,1103812,8220085,original,8,encoder_block_8,0.6289103031158447,-3.6352598667144775,-4.264170169830322
informationbaz_random_4,informationbaz,random,4,1103812,8220085,original,9,encoder_block_9,0.7252311706542969,-3.1988325119018555,-3.9240636825561523
informationbaz_random_4,informationbaz,random,4,1103812,8220085,original,10,encoder_block_10,0.917356014251709,-3.801326274871826,-4.718682289123535
informationbaz_random_4,informationbaz,random,4,1103812,8220085,original,11,encoder_block_11,2.2196249961853027,-5.477802276611328,-7.697427272796631
informationbaz_random_4,informationbaz,random,4,1103812,8220085,original,12,encoder_block_12,4.186270713806152,-8.030438423156738,-12.21670913696289
informationbaz_random_4,informationbaz,random,4,1103812,8220085,padded_control,0,embedding,0.9230749607086182,-2.8969085216522217,-3.81998348236084
informationbaz_random_4,informationbaz,random,4,1103812,8220085,padded_control,1,encoder_block_1,0.722480058670044,-3.758168935775757,-4.480648994445801
informationbaz_random_4,informationbaz,random,4,1103812,8220085,padded_control,2,encoder_block_2,0.7634706497192383,-4.349285125732422,-5.11275577545166
informationbaz_random_4,informationbaz,random,4,1103812,8220085,padded_control,3,encoder_block_3,0.6066060066223145,-3.775801658630371,-4.3824076652526855
informationbaz_random_4,informationbaz,random,4,1103812,8220085,padded_control,4,encoder_block_4,0.5020418167114258,-3.9314918518066406,-4.433533668518066
informationbaz_random_4,informationbaz,random,4,1103812,8220085,padded_control,5,encoder_block_5,0.4628567695617676,-3.8626441955566406,-4.325500965118408
informationbaz_random_4,informationbaz,random,4,1103812,8220085,padded_control,6,encoder_block_6,0.4959707260131836,-3.646930694580078,-4.142901420593262
informationbaz_random_4,informationbaz,random,4,1103812,8220085,padded_control,7,encoder_block_7,0.5601272583007812,-3.575916290283203,-4.136043548583984
informationbaz_random_4,informationbaz,random,4,1103812,8220085,padded_control,8,encoder_block_8,0.6028294563293457,-3.6504592895507812,-4.253288745880127
informationbaz_random_4,informationbaz,random,4,1103812,8220085,padded_control,9,encoder_block_9,0.7142164707183838,-3.2068681716918945,-3.9210846424102783
informationbaz_random_4,informationbaz,random,4,1103812,8220085,padded_control,10,encoder_block_10,0.9326598644256592,-3.828289270401001,-4.76094913482666
informationbaz_random_4,informationbaz,random,4,1103812,8220085,padded_control,11,encoder_block_11,2.2588648796081543,-5.496188163757324,-7.7550530433654785
informationbaz_random_4,informationbaz,random,4,1103812,8220085,padded_control,12,encoder_block_12,4.214205741882324,-8.312152862548828,-12.526358604431152
informationbaz_random_4,informationbaz,random,4,1103812,8220085,attack,0,embedding,0.713921308517456,-2.9155189990997314,-3.6294403076171875
informationbaz_random_4,informationbaz,random,4,1103812,8220085,attack,1,encoder_block_1,0.6494643688201904,-3.4751198291778564,-4.124584197998047
informationbaz_random_4,informationbaz,random,4,1103812,8220085,attack,2,encoder_block_2,0.6131367683410645,-3.873447895050049,-4.486584663391113
informationbaz_random_4,informationbaz,random,4,1103812,8220085,attack,3,encoder_block_3,0.5568208694458008,-3.264610767364502,-3.8214316368103027
informationbaz_random_4,informationbaz,random,4,1103812,8220085,attack,4,encoder_block_4,0.5194835662841797,-3.2355871200561523,-3.755070686340332
informationbaz_random_4,informationbaz,random,4,1103812,8220085,attack,5,encoder_block_5,0.46291255950927734,-3.3429150581359863,-3.8058276176452637
informationbaz_random_4,informationbaz,random,4,1103812,8220085,attack,6,encoder_block_6,0.5084092617034912,-3.0258431434631348,-3.534252405166626
informationbaz_random_4,informationbaz,random,4,1103812,8220085,attack,7,encoder_block_7,0.5749263763427734,-3.030130386352539,-3.6050567626953125
informationbaz_random_4,informationbaz,random,4,1103812,8220085,attack,8,encoder_block_8,0.6893420219421387,-2.944125175476074,-3.633467197418213
informationbaz_random_4,informationbaz,random,4,1103812,8220085,attack,9,encoder_block_9,0.7988767623901367,-2.552015781402588,-3.3508925437927246
informationbaz_random_4,informationbaz,random,4,1103812,8220085,attack,10,encoder_block_10,0.9308786392211914,-3.1769609451293945,-4.107839584350586
informationbaz_random_4,informationbaz,random,4,1103812,8220085,attack,11,encoder_block_11,2.072129487991333,-3.5513975620269775,-5.6235270500183105
informationbaz_random_4,informationbaz,random,4,1103812,8220085,attack,12,encoder_block_12,3.6126232147216797,-4.544092178344727,-8.156715393066406
informationbaz_random_4,informationbaz,random,4,1106007,5836920,original,0,embedding,0.32324743270874023,-3.435549736022949,-3.7587971687316895
informationbaz_random_4,informationbaz,random,4,1106007,5836920,original,1,encoder_block_1,-0.04967856407165527,-3.989104986190796,-3.9394264221191406
informationbaz_random_4,informationbaz,random,4,1106007,5836920,original,2,encoder_block_2,0.1526193618774414,-4.168867111206055,-4.321486473083496
informationbaz_random_4,informationbaz,random,4,1106007,5836920,original,3,encoder_block_3,0.19413375854492188,-3.924316883087158,-4.11845064163208
informationbaz_random_4,informationbaz,random,4,1106007,5836920,original,4,encoder_block_4,0.32863879203796387,-3.7035439014434814,-4.032182693481445
informationbaz_random_4,informationbaz,random,4,1106007,5836920,original,5,encoder_block_5,0.230604887008667,-3.518795967102051,-3.7494008541107178
informationbaz_random_4,informationbaz,random,4,1106007,5836920,original,6,encoder_block_6,0.27925944328308105,-3.3944146633148193,-3.6736741065979004
informationbaz_random_4,informationbaz,random,4,1106007,5836920,original,7,encoder_block_7,0.2790360450744629,-3.1694893836975098,-3.4485254287719727
informationbaz_random_4,informationbaz,random,4,1106007,5836920,original,8,encoder_block_8,0.3525052070617676,-2.969456434249878,-3.3219616413116455
informationbaz_random_4,informationbaz,random,4,1106007,5836920,original,9,encoder_block_9,0.6893398761749268,-2.768512725830078,-3.457852602005005
informationbaz_random_4,informationbaz,random,4,1106007,5836920,original,10,encoder_block_10,0.8899359703063965,-3.1951417922973633,-4.08507776260376
informationbaz_random_4,informationbaz,random,4,1106007,5836920,original,11,encoder_block_11,1.0787949562072754,-1.885880947113037,-2.9646759033203125
informationbaz_random_4,informationbaz,random,4,1106007,5836920,original,12,encoder_block_12,-2.9061577320098877,-5.348845958709717,-2.442688226699829
informationbaz_random_4,informationbaz,random,4,1106007,5836920,padded_control,0,embedding,0.32324767112731934,-3.4355478286743164,-3.7587954998016357
informationbaz_random_4,informationbaz,random,4,1106007,5836920,padded_control,1,encoder_block_1,-0.05931711196899414,-3.992501735687256,-3.9331846237182617
informationbaz_random_4,informationbaz,random,4,1106007,5836920,padded_control,2,encoder_block_2,0.16393661499023438,-4.1673383712768555,-4.33127498626709
informationbaz_random_4,informationbaz,random,4,1106007,5836920,padded_control,3,encoder_block_3,0.19033312797546387,-3.9402787685394287,-4.130611896514893
informationbaz_random_4,informationbaz,random,4,1106007,5836920,padded_control,4,encoder_block_4,0.31957030296325684,-3.721766710281372,-4.041337013244629
informationbaz_random_4,informationbaz,random,4,1106007,5836920,padded_control,5,encoder_block_5,0.22368264198303223,-3.5346450805664062,-3.7583277225494385
informationbaz_random_4,informationbaz,random,4,1106007,5836920,padded_control,6,encoder_block_6,0.2665412425994873,-3.4476206302642822,-3.7141618728637695
informationbaz_random_4,informationbaz,random,4,1106007,5836920,padded_control,7,encoder_block_7,0.28748226165771484,-3.262202739715576,-3.549685001373291
informationbaz_random_4,informationbaz,random,4,1106007,5836920,padded_control,8,encoder_block_8,0.3640151023864746,-3.0628013610839844,-3.426816463470459
informationbaz_random_4,informationbaz,random,4,1106007,5836920,padded_control,9,encoder_block_9,0.6691322326660156,-2.8021278381347656,-3.4712600708007812
informationbaz_random_4,informationbaz,random,4,1106007,5836920,padded_control,10,encoder_block_10,0.9073915481567383,-3.168614387512207,-4.076005935668945
informationbaz_random_4,informationbaz,random,4,1106007,5836920,padded_control,11,encoder_block_11,0.9956740140914917,-1.719155192375183,-2.714829206466675
informationbaz_random_4,informationbaz,random,4,1106007,5836920,padded_control,12,encoder_block_12,-3.6994404792785645,-8.22115707397461,-4.521716594696045
informationbaz_random_4,informationbaz,random,4,1106007,5836920,attack,0,embedding,-0.03265643119812012,-3.7752840518951416,-3.7426276206970215
informationbaz_random_4,informationbaz,random,4,1106007,5836920,attack,1,encoder_block_1,-0.19976425170898438,-4.399385452270508,-4.199621200561523
informationbaz_random_4,informationbaz,random,4,1106007,5836920,attack,2,encoder_block_2,0.00519561767578125,-4.135376930236816,-4.140572547912598
informationbaz_random_4,informationbaz,random,4,1106007,5836920,attack,3,encoder_block_3,0.08189201354980469,-3.5661706924438477,-3.6480627059936523
informationbaz_random_4,informationbaz,random,4,1106007,5836920,attack,4,encoder_block_4,0.20392370223999023,-2.891909122467041,-3.0958328247070312
informationbaz_random_4,informationbaz,random,4,1106007,5836920,attack,5,encoder_block_5,0.18190789222717285,-2.865540027618408,-3.047447919845581
informationbaz_random_4,informationbaz,random,4,1106007,5836920,attack,6,encoder_block_6,0.1889512538909912,-2.7944352626800537,-2.983386516571045
informationbaz_random_4,informationbaz,random,4,1106007,5836920,attack,7,encoder_block_7,0.1038520336151123,-2.791426181793213,-2.895278215408325
informationbaz_random_4,informationbaz,random,4,1106007,5836920,attack,8,encoder_block_8,0.3417778015136719,-2.6663432121276855,-3.0081210136413574
informationbaz_random_4,informationbaz,random,4,1106007,5836920,attack,9,encoder_block_9,0.6732277870178223,-2.5874569416046143,-3.2606847286224365
informationbaz_random_4,informationbaz,random,4,1106007,5836920,attack,10,encoder_block_10,0.8374154567718506,-2.723414897918701,-3.5608303546905518
informationbaz_random_4,informationbaz,random,4,1106007,5836920,attack,11,encoder_block_11,0.36124908924102783,-1.1186071634292603,-1.479856252670288
informationbaz_random_4,informationbaz,random,4,1106007,5836920,attack,12,encoder_block_12,-6.540469169616699,-22.011367797851562,-15.470898628234863
informationbaz_random_4,informationbaz,random,4,1110199,398442,original,0,embedding,1.9492440223693848,-5.504238128662109,-7.453482151031494
informationbaz_random_4,informationbaz,random,4,1110199,398442,original,1,encoder_block_1,1.6695995330810547,-5.0423903465271,-6.711989879608154
informationbaz_random_4,informationbaz,random,4,1110199,398442,original,2,encoder_block_2,1.6492743492126465,-3.9211926460266113,-5.570466995239258
informationbaz_random_4,informationbaz,random,4,1110199,398442,original,3,encoder_block_3,1.6156578063964844,-2.8364429473876953,-4.45210075378418
informationbaz_random_4,informationbaz,random,4,1110199,398442,original,4,encoder_block_4,1.5761513710021973,-2.409012794494629,-3.985164165496826
informationbaz_random_4,informationbaz,random,4,1110199,398442,original,5,encoder_block_5,1.2734811305999756,-2.0618693828582764,-3.335350513458252
informationbaz_random_4,informationbaz,random,4,1110199,398442,original,6,encoder_block_6,1.183363437652588,-1.559342384338379,-2.742705821990967
informationbaz_random_4,informationbaz,random,4,1110199,398442,original,7,encoder_block_7,1.0405066013336182,-1.3901169300079346,-2.4306235313415527
informationbaz_random_4,informationbaz,random,4,1110199,398442,original,8,encoder_block_8,0.8472667932510376,-1.1399770975112915,-1.987243890762329
informationbaz_random_4,informationbaz,random,4,1110199,398442,original,9,encoder_block_9,0.7435391545295715,-0.8500940203666687,-1.5936331748962402
informationbaz_random_4,informationbaz,random,4,1110199,398442,original,10,encoder_block_10,0.08850747346878052,-0.5949439406394958,-0.6834514141082764
informationbaz_random_4,informationbaz,random,4,1110199,398442,original,11,encoder_block_11,-1.476323127746582,-1.0864440202713013,0.38987910747528076
informationbaz_random_4,informationbaz,random,4,1110199,398442,original,12,encoder_block_12,-11.19942569732666,-24.643733978271484,-13.444308280944824
informationbaz_random_4,informationbaz,random,4,1110199,398442,padded_control,0,embedding,1.9492449760437012,-5.504237174987793,-7.453482151031494
informationbaz_random_4,informationbaz,random,4,1110199,398442,padded_control,1,encoder_block_1,1.671574592590332,-5.012005805969238,-6.68358039855957
informationbaz_random_4,informationbaz,random,4,1110199,398442,padded_control,2,encoder_block_2,1.6614227294921875,-3.9066944122314453,-5.568117141723633
informationbaz_random_4,informationbaz,random,4,1110199,398442,padded_control,3,encoder_block_3,1.6180534362792969,-2.841184616088867,-4.459238052368164
informationbaz_random_4,informationbaz,random,4,1110199,398442,padded_control,4,encoder_block_4,1.572275161743164,-2.4456090927124023,-4.017884254455566
informationbaz_random_4,informationbaz,random,4,1110199,398442,padded_control,5,encoder_block_5,1.2616581916809082,-2.0697479248046875,-3.3314061164855957
informationbaz_random_4,informationbaz,random,4,1110199,398442,padded_control,6,encoder_block_6,1.1660974025726318,-1.522517442703247,-2.688614845275879
informationbaz_random_4,informationbaz,random,4,1110199,398442,padded_control,7,encoder_block_7,1.0292315483093262,-1.3604927062988281,-2.3897242546081543
informationbaz_random_4,informationbaz,random,4,1110199,398442,padded_control,8,encoder_block_8,0.8436172008514404,-1.141279697418213,-1.9848968982696533
informationbaz_random_4,informationbaz,random,4,1110199,398442,padded_control,9,encoder_block_9,0.7209452986717224,-0.8491986393928528,-1.5701439380645752
informationbaz_random_4,informationbaz,random,4,1110199,398442,padded_control,10,encoder_block_10,0.11086732149124146,-0.6706649661064148,-0.7815322875976562
informationbaz_random_4,informationbaz,random,4,1110199,398442,padded_control,11,encoder_block_11,-1.1897039413452148,-0.8481491208076477,0.34155482053756714
informationbaz_random_4,informationbaz,random,4,1110199,398442,padded_control,12,encoder_block_12,-10.957172393798828,-24.549785614013672,-13.592613220214844
informationbaz_random_4,informationbaz,random,4,1110199,398442,attack,0,embedding,1.7192797660827637,-5.305367469787598,-7.024647235870361
informationbaz_random_4,informationbaz,random,4,1110199,398442,attack,1,encoder_block_1,1.4237279891967773,-4.898468494415283,-6.3221964836120605
informationbaz_random_4,informationbaz,random,4,1110199,398442,attack,2,encoder_block_2,1.4206666946411133,-3.7307491302490234,-5.151415824890137
informationbaz_random_4,informationbaz,random,4,1110199,398442,attack,3,encoder_block_3,1.3292031288146973,-2.604978084564209,-3.9341812133789062
informationbaz_random_4,informationbaz,random,4,1110199,398442,attack,4,encoder_block_4,1.289912223815918,-1.7395679950714111,-3.029480218887329
informationbaz_random_4,informationbaz,random,4,1110199,398442,attack,5,encoder_block_5,1.1390819549560547,-1.500068187713623,-2.6391501426696777
informationbaz_random_4,informationbaz,random,4,1110199,398442,attack,6,encoder_block_6,1.0990451574325562,-1.0621508359909058,-2.161195993423462
informationbaz_random_4,informationbaz,random,4,1110199,398442,attack,7,encoder_block_7,0.9770362973213196,-0.9994069933891296,-1.9764432907104492
informationbaz_random_4,informationbaz,random,4,1110199,398442,attack,8,encoder_block_8,0.9796460270881653,-0.8239197134971619,-1.8035657405853271
informationbaz_random_4,informationbaz,random,4,1110199,398442,attack,9,encoder_block_9,0.8558200001716614,-0.7321582436561584,-1.5879782438278198
informationbaz_random_4,informationbaz,random,4,1110199,398442,attack,10,encoder_block_10,0.16879701614379883,-0.7525621652603149,-0.9213591814041138
informationbaz_random_4,informationbaz,random,4,1110199,398442,attack,11,encoder_block_11,-1.431124985218048,-1.1259427070617676,0.3051822781562805
informationbaz_random_4,informationbaz,random,4,1110199,398442,attack,12,encoder_block_12,-12.058639526367188,-24.69346809387207,-12.634828567504883
informationbaz_random_4,informationbaz,random,4,1112341,2096429,original,0,embedding,0.7273681163787842,-3.371159791946411,-4.098527908325195
informationbaz_random_4,informationbaz,random,4,1112341,2096429,original,1,encoder_block_1,0.996849775314331,-3.4720566272735596,-4.468906402587891
informationbaz_random_4,informationbaz,random,4,1112341,2096429,original,2,encoder_block_2,1.0473723411560059,-3.3611855506896973,-4.408557891845703
informationbaz_random_4,informationbaz,random,4,1112341,2096429,original,3,encoder_block_3,1.038649559020996,-2.925776720046997,-3.964426279067993
informationbaz_random_4,informationbaz,random,4,1112341,2096429,original,4,encoder_block_4,1.1595208644866943,-2.51633882522583,-3.6758596897125244
informationbaz_random_4,informationbaz,random,4,1112341,2096429,original,5,encoder_block_5,1.0893104076385498,-2.248164653778076,-3.337475061416626
informationbaz_random_4,informationbaz,random,4,1112341,2096429,original,6,encoder_block_6,1.1442320346832275,-1.9778902530670166,-3.122122287750244
informationbaz_random_4,informationbaz,random,4,1112341,2096429,original,7,encoder_block_7,1.0636687278747559,-1.7829325199127197,-2.8466012477874756
informationbaz_random_4,informationbaz,random,4,1112341,2096429,original,8,encoder_block_8,1.1163320541381836,-2.1063640117645264,-3.22269606590271
informationbaz_random_4,informationbaz,random,4,1112341,2096429,original,9,encoder_block_9,1.117256760597229,-1.8572651147842407,-2.9745218753814697
informationbaz_random_4,informationbaz,random,4,1112341,2096429,original,10,encoder_block_10,-0.4381673336029053,-2.1526458263397217,-1.7144784927368164
informationbaz_random_4,informationbaz,random,4,1112341,2096429,original,11,encoder_block_11,-3.6580777168273926,-8.772150039672852,-5.114072322845459
informationbaz_random_4,informationbaz,random,4,1112341,2096429,original,12,encoder_block_12,-12.837587356567383,-25.56456184387207,-12.726974487304688
informationbaz_random_4,informationbaz,random,4,1112341,2096429,padded_control,0,embedding,0.7273678779602051,-3.3711600303649902,-4.098527908325195
informationbaz_random_4,informationbaz,random,4,1112341,2096429,padded_control,1,encoder_block_1,0.9917559623718262,-3.4671969413757324,-4.458952903747559
informationbaz_random_4,informationbaz,random,4,1112341,2096429,padded_control,2,encoder_block_2,1.063213586807251,-3.3629539012908936,-4.4261674880981445
informationbaz_random_4,informationbaz,random,4,1112341,2096429,padded_control,3,encoder_block_3,1.0495562553405762,-2.9192142486572266,-3.9687705039978027
informationbaz_random_4,informationbaz,random,4,1112341,2096429,padded_control,4,encoder_block_4,1.1701161861419678,-2.5024938583374023,-3.67261004447937
informationbaz_random_4,informationbaz,random,4,1112341,2096429,padded_control,5,encoder_block_5,1.0947418212890625,-2.215725898742676,-3.3104677200317383
informationbaz_random_4,informationbaz,random,4,1112341,2096429,padded_control,6,encoder_block_6,1.1394047737121582,-1.945206642150879,-3.084611415863037
informationbaz_random_4,informationbaz,random,4,1112341,2096429,padded_control,7,encoder_block_7,1.0463200807571411,-1.7761179208755493,-2.8224380016326904
informationbaz_random_4,informationbaz,random,4,1112341,2096429,padded_control,8,encoder_block_8,1.1242828369140625,-2.1065354347229004,-3.230818271636963
informationbaz_random_4,informationbaz,random,4,1112341,2096429,padded_control,9,encoder_block_9,1.1191104650497437,-1.8738662004470825,-2.992976665496826
informationbaz_random_4,informationbaz,random,4,1112341,2096429,padded_control,10,encoder_block_10,-0.4839928150177002,-2.239715099334717,-1.7557222843170166
informationbaz_random_4,informationbaz,random,4,1112341,2096429,padded_control,11,encoder_block_11,-3.9842047691345215,-10.531049728393555,-6.546844959259033
informationbaz_random_4,informationbaz,random,4,1112341,2096429,padded_control,12,encoder_block_12,-12.939556121826172,-25.57600975036621,-12.636453628540039
informationbaz_random_4,informationbaz,random,4,1112341,2096429,attack,0,embedding,0.5157012939453125,-3.4034767150878906,-3.919178009033203
informationbaz_random_4,informationbaz,random,4,1112341,2096429,attack,1,encoder_block_1,0.7871017456054688,-3.3474788665771484,-4.134580612182617
informationbaz_random_4,informationbaz,random,4,1112341,2096429,attack,2,encoder_block_2,0.8370437622070312,-3.0928778648376465,-3.9299216270446777
informationbaz_random_4,informationbaz,random,4,1112341,2096429,attack,3,encoder_block_3,0.9642658233642578,-2.6529176235198975,-3.6171834468841553
informationbaz_random_4,informationbaz,random,4,1112341,2096429,attack,4,encoder_block_4,1.0763139724731445,-2.1182613372802734,-3.194575309753418
informationbaz_random_4,informationbaz,random,4,1112341,2096429,attack,5,encoder_block_5,1.058992862701416,-1.9074740409851074,-2.9664669036865234
informationbaz_random_4,informationbaz,random,4,1112341,2096429,attack,6,encoder_block_6,1.0588631629943848,-1.5683298110961914,-2.627192974090576
informationbaz_random_4,informationbaz,random,4,1112341,2096429,attack,7,encoder_block_7,0.9598482847213745,-1.4462896585464478,-2.4061379432678223
informationbaz_random_4,informationbaz,random,4,1112341,2096429,attack,8,encoder_block_8,1.0751447677612305,-1.7028765678405762,-2.7780213356018066
informationbaz_random_4,informationbaz,random,4,1112341,2096429,attack,9,encoder_block_9,1.1294664144515991,-1.6907120943069458,-2.820178508758545
informationbaz_random_4,informationbaz,random,4,1112341,2096429,attack,10,encoder_block_10,-0.3821302652359009,-2.0223140716552734,-1.6401838064193726
informationbaz_random_4,informationbaz,random,4,1112341,2096429,attack,11,encoder_block_11,-4.079020023345947,-10.784669876098633,-6.7056498527526855
informationbaz_random_4,informationbaz,random,4,1112341,2096429,attack,12,encoder_block_12,-12.94704818725586,-25.474044799804688,-12.526996612548828
informationbaz_random_4,informationbaz,random,4,1113437,8128790,original,0,embedding,0.5658645629882812,-4.090167045593262,-4.656031608581543
informationbaz_random_4,informationbaz,random,4,1113437,8128790,original,1,encoder_block_1,0.8959074020385742,-4.457582473754883,-5.353489875793457
informationbaz_random_4,informationbaz,random,4,1113437,8128790,original,2,encoder_block_2,1.1732230186462402,-4.143024444580078,-5.316247463226318
informationbaz_random_4,informationbaz,random,4,1113437,8128790,original,3,encoder_block_3,1.088050127029419,-3.7718451023101807,-4.8598952293396
informationbaz_random_4,informationbaz,random,4,1113437,8128790,original,4,encoder_block_4,0.9776401519775391,-3.371629238128662,-4.349269390106201
informationbaz_random_4,informationbaz,random,4,1113437,8128790,original,5,encoder_block_5,0.9457435607910156,-3.2102136611938477,-4.155957221984863
informationbaz_random_4,informationbaz,random,4,1113437,8128790,original,6,encoder_block_6,0.9479632377624512,-3.2737932205200195,-4.221756458282471
informationbaz_random_4,informationbaz,random,4,1113437,8128790,original,7,encoder_block_7,1.0149266719818115,-3.111987352371216,-4.126914024353027
informationbaz_random_4,informationbaz,random,4,1113437,8128790,original,8,encoder_block_8,0.9171240329742432,-3.4539859294891357,-4.371109962463379
informationbaz_random_4,informationbaz,random,4,1113437,8128790,original,9,encoder_block_9,1.0854408740997314,-2.943013906478882,-4.028454780578613
informationbaz_random_4,informationbaz,random,4,1113437,8128790,original,10,encoder_block_10,1.1270759105682373,-3.481926679611206,-4.609002590179443
informationbaz_random_4,informationbaz,random,4,1113437,8128790,original,11,encoder_block_11,2.0376570224761963,-3.858137369155884,-5.89579439163208
informationbaz_random_4,informationbaz,random,4,1113437,8128790,original,12,encoder_block_12,3.245300531387329,-2.993102788925171,-6.2384033203125
informationbaz_random_4,informationbaz,random,4,1113437,8128790,padded_control,0,embedding,0.5658645629882812,-4.090167999267578,-4.656032562255859
informationbaz_random_4,informationbaz,random,4,1113437,8128790,padded_control,1,encoder_block_1,0.8926935195922852,-4.458398818969727,-5.351092338562012
informationbaz_random_4,informationbaz,random,4,1113437,8128790,padded_control,2,encoder_block_2,1.1641716957092285,-4.144911289215088,-5.309082984924316
informationbaz_random_4,informationbaz,random,4,1113437,8128790,padded_control,3,encoder_block_3,1.0943527221679688,-3.730833053588867,-4.825185775756836
informationbaz_random_4,informationbaz,random,4,1113437,8128790,padded_control,4,encoder_block_4,0.9954352378845215,-3.342484951019287,-4.337920188903809
informationbaz_random_4,informationbaz,random,4,1113437,8128790,padded_control,5,encoder_block_5,0.9557342529296875,-3.207230567932129,-4.162964820861816
informationbaz_random_4,informationbaz,random,4,1113437,8128790,padded_control,6,encoder_block_6,0.9645180702209473,-3.299528121948242,-4.2640461921691895
informationbaz_random_4,informationbaz,random,4,1113437,8128790,padded_control,7,encoder_block_7,1.0314950942993164,-3.158878803253174,-4.19037389755249
informationbaz_random_4,informationbaz,random,4,1113437,8128790,padded_control,8,encoder_block_8,0.9351460933685303,-3.473181962966919,-4.408328056335449
informationbaz_random_4,informationbaz,random,4,1113437,8128790,padded_control,9,encoder_block_9,1.1112542152404785,-2.999241828918457,-4.1104960441589355
informationbaz_random_4,informationbaz,random,4,1113437,8128790,padded_control,10,encoder_block_10,1.1494030952453613,-3.525887966156006,-4.675291061401367
informationbaz_random_4,informationbaz,random,4,1113437,8128790,padded_control,11,encoder_block_11,2.055234432220459,-3.851069927215576,-5.906304359436035
informationbaz_random_4,informationbaz,random,4,1113437,8128790,padded_control,12,encoder_block_12,3.4027082920074463,-3.4916112422943115,-6.894319534301758
informationbaz_random_4,informationbaz,random,4,1113437,8128790,attack,0,embedding,0.2837715148925781,-4.237180709838867,-4.520952224731445
informationbaz_random_4,informationbaz,random,4,1113437,8128790,attack,1,encoder_block_1,0.6653928756713867,-4.097635746002197,-4.763028621673584
informationbaz_random_4,informationbaz,random,4,1113437,8128790,attack,2,encoder_block_2,1.0258183479309082,-3.5791268348693848,-4.604945182800293
informationbaz_random_4,informationbaz,random,4,1113437,8128790,attack,3,encoder_block_3,1.017251968383789,-3.0208044052124023,-4.038056373596191
informationbaz_random_4,informationbaz,random,4,1113437,8128790,attack,4,encoder_block_4,0.9268813133239746,-2.4943041801452637,-3.4211854934692383
informationbaz_random_4,informationbaz,random,4,1113437,8128790,attack,5,encoder_block_5,0.8875787258148193,-2.4273488521575928,-3.314927577972412
informationbaz_random_4,informationbaz,random,4,1113437,8128790,attack,6,encoder_block_6,0.933281660079956,-2.37532639503479,-3.308608055114746
informationbaz_random_4,informationbaz,random,4,1113437,8128790,attack,7,encoder_block_7,0.9914524555206299,-2.332972288131714,-3.3244247436523438
informationbaz_random_4,informationbaz,random,4,1113437,8128790,attack,8,encoder_block_8,0.9857668876647949,-2.676413059234619,-3.662179946899414
informationbaz_random_4,informationbaz,random,4,1113437,8128790,attack,9,encoder_block_9,1.1016511917114258,-2.4931113719940186,-3.5947625637054443
informationbaz_random_4,informationbaz,random,4,1113437,8128790,attack,10,encoder_block_10,1.0431923866271973,-3.226677417755127,-4.269869804382324
informationbaz_random_4,informationbaz,random,4,1113437,8128790,attack,11,encoder_block_11,1.8102092742919922,-3.6853742599487305,-5.495583534240723
informationbaz_random_4,informationbaz,random,4,1113437,8128790,attack,12,encoder_block_12,2.9303781986236572,-2.0827648639678955,-5.013143062591553
informationbaz_random_4,informationbaz,random,4,1114646,8117087,original,0,embedding,0.4525597095489502,-3.9873554706573486,-4.439915180206299
informationbaz_random_4,informationbaz,random,4,1114646,8117087,original,1,encoder_block_1,0.09414339065551758,-4.189451217651367,-4.283594608306885
informationbaz_random_4,informationbaz,random,4,1114646,8117087,original,2,encoder_block_2,0.13410139083862305,-4.021468639373779,-4.155570030212402
informationbaz_random_4,informationbaz,random,4,1114646,8117087,original,3,encoder_block_3,-0.003459453582763672,-3.3930978775024414,-3.3896384239196777
informationbaz_random_4,informationbaz,random,4,1114646,8117087,original,4,encoder_block_4,-0.26731038093566895,-2.9445979595184326,-2.6772875785827637
informationbaz_random_4,informationbaz,random,4,1114646,8117087,original,5,encoder_block_5,-0.42656755447387695,-2.8227810859680176,-2.3962135314941406
informationbaz_random_4,informationbaz,random,4,1114646,8117087,original,6,encoder_block_6,-0.6759626865386963,-2.4059181213378906,-1.7299554347991943
informationbaz_random_4,informationbaz,random,4,1114646,8117087,original,7,encoder_block_7,-0.6104249954223633,-2.3950672149658203,-1.784642219543457
informationbaz_random_4,informationbaz,random,4,1114646,8117087,original,8,encoder_block_8,-0.6744838953018188,-2.607177257537842,-1.932693362236023
informationbaz_random_4,informationbaz,random,4,1114646,8117087,original,9,encoder_block_9,-0.23936951160430908,-2.0431294441223145,-1.8037599325180054
informationbaz_random_4,informationbaz,random,4,1114646,8117087,original,10,encoder_block_10,-0.9897842407226562,-2.3101632595062256,-1.3203790187835693
informationbaz_random_4,informationbaz,random,4,1114646,8117087,original,11,encoder_block_11,-1.718577265739441,-2.7154369354248047,-0.9968596696853638
informationbaz_random_4,informationbaz,random,4,1114646,8117087,original,12,encoder_block_12,-3.277005195617676,-7.12998104095459,-3.852975845336914
informationbaz_random_4,informationbaz,random,4,1114646,8117087,padded_control,0,embedding,0.452559232711792,-3.987355947494507,-4.439915180206299
informationbaz_random_4,informationbaz,random,4,1114646,8117087,padded_control,1,encoder_block_1,0.08913850784301758,-4.149106979370117,-4.238245487213135
informationbaz_random_4,informationbaz,random,4,1114646,8117087,padded_control,2,encoder_block_2,0.13500666618347168,-3.9853060245513916,-4.120312690734863
informationbaz_random_4,informationbaz,random,4,1114646,8117087,padded_control,3,encoder_block_3,0.02155303955078125,-3.3324761390686035,-3.3540291786193848
informationbaz_random_4,informationbaz,random,4,1114646,8117087,padded_control,4,encoder_block_4,-0.2528951168060303,-2.9111571311950684,-2.658262014389038
informationbaz_random_4,informationbaz,random,4,1114646,8117087,padded_control,5,encoder_block_5,-0.41683053970336914,-2.754091262817383,-2.3372607231140137
informationbaz_random_4,informationbaz,random,4,1114646,8117087,padded_control,6,encoder_block_6,-0.6667416095733643,-2.3702335357666016,-1.7034919261932373
informationbaz_random_4,informationbaz,random,4,1114646,8117087,padded_control,7,encoder_block_7,-0.6289272308349609,-2.402622699737549,-1.773695468902588
informationbaz_random_4,informationbaz,random,4,1114646,8117087,padded_control,8,encoder_block_8,-0.6976386308670044,-2.661745071411133,-1.9641064405441284
informationbaz_random_4,informationbaz,random,4,1114646,8117087,padded_control,9,encoder_block_9,-0.2666966915130615,-2.07942271232605,-1.8127260208129883
informationbaz_random_4,informationbaz,random,4,1114646,8117087,padded_control,10,encoder_block_10,-1.0226397514343262,-2.3586606979370117,-1.3360209465026855
informationbaz_random_4,informationbaz,random,4,1114646,8117087,padded_control,11,encoder_block_11,-1.8630832433700562,-2.908473491668701,-1.045390248298645
informationbaz_random_4,informationbaz,random,4,1114646,8117087,padded_control,12,encoder_block_12,-3.6075735092163086,-8.403204917907715,-4.795631408691406
informationbaz_random_4,informationbaz,random,4,1114646,8117087,attack,0,embedding,0.33445215225219727,-4.08540678024292,-4.419858932495117
informationbaz_random_4,informationbaz,random,4,1114646,8117087,attack,1,encoder_block_1,-0.041753292083740234,-4.178205966949463,-4.136452674865723
informationbaz_random_4,informationbaz,random,4,1114646,8117087,attack,2,encoder_block_2,0.012194156646728516,-3.8431057929992676,-3.855299949645996
informationbaz_random_4,informationbaz,random,4,1114646,8117087,attack,3,encoder_block_3,-0.0053386688232421875,-3.01662015914917,-3.0112814903259277
informationbaz_random_4,informationbaz,random,4,1114646,8117087,attack,4,encoder_block_4,-0.23665356636047363,-2.297870397567749,-2.0612168312072754
informationbaz_random_4,informationbaz,random,4,1114646,8117087,attack,5,encoder_block_5,-0.3835287094116211,-2.1683297157287598,-1.7848010063171387
informationbaz_random_4,informationbaz,random,4,1114646,8117087,attack,6,encoder_block_6,-0.5988147258758545,-1.7279677391052246,-1.1291530132293701
informationbaz_random_4,informationbaz,random,4,1114646,8117087,attack,7,encoder_block_7,-0.5786970853805542,-1.7943034172058105,-1.2156063318252563
informationbaz_random_4,informationbaz,random,4,1114646,8117087,attack,8,encoder_block_8,-0.5013307332992554,-1.940919041633606,-1.4395883083343506
informationbaz_random_4,informationbaz,random,4,1114646,8117087,attack,9,encoder_block_9,-0.06967806816101074,-1.5610570907592773,-1.4913790225982666
informationbaz_random_4,informationbaz,random,4,1114646,8117087,attack,10,encoder_block_10,-0.7603089809417725,-1.9834835529327393,-1.2231745719909668
informationbaz_random_4,informationbaz,random,4,1114646,8117087,attack,11,encoder_block_11,-1.6898943185806274,-2.5065815448760986,-0.8166872262954712
informationbaz_random_4,informationbaz,random,4,1114646,8117087,attack,12,encoder_block_12,-4.259044170379639,-11.669341087341309,-7.41029691696167
informationbaz_random_4,informationbaz,random,4,1114819,5521373,original,0,embedding,0.9298124313354492,-4.291722297668457,-5.221534729003906
informationbaz_random_4,informationbaz,random,4,1114819,5521373,original,1,encoder_block_1,0.8040676116943359,-4.1995391845703125,-5.003606796264648
informationbaz_random_4,informationbaz,random,4,1114819,5521373,original,2,encoder_block_2,0.9285264015197754,-4.255636215209961,-5.184162616729736
informationbaz_random_4,informationbaz,random,4,1114819,5521373,original,3,encoder_block_3,0.8773107528686523,-3.824840545654297,-4.702151298522949
informationbaz_random_4,informationbaz,random,4,1114819,5521373,original,4,encoder_block_4,0.6709322929382324,-3.6191277503967285,-4.290060043334961
informationbaz_random_4,informationbaz,random,4,1114819,5521373,original,5,encoder_block_5,0.5512998104095459,-3.5430824756622314,-4.094382286071777
informationbaz_random_4,informationbaz,random,4,1114819,5521373,original,6,encoder_block_6,0.5644142627716064,-3.4104995727539062,-3.9749138355255127
informationbaz_random_4,informationbaz,random,4,1114819,5521373,original,7,encoder_block_7,0.5560307502746582,-3.380667209625244,-3.9366979598999023
informationbaz_random_4,informationbaz,random,4,1114819,5521373,original,8,encoder_block_8,0.8099603652954102,-3.73935604095459,-4.54931640625
informationbaz_random_4,informationbaz,random,4,1114819,5521373,original,9,encoder_block_9,1.0669748783111572,-3.7124440670013428,-4.7794189453125
informationbaz_random_4,informationbaz,random,4,1114819,5521373,original,10,encoder_block_10,1.0764141082763672,-3.8015995025634766,-4.878013610839844
informationbaz_random_4,informationbaz,random,4,1114819,5521373,original,11,encoder_block_11,2.5245814323425293,-5.749841213226318,-8.274422645568848
informationbaz_random_4,informationbaz,random,4,1114819,5521373,original,12,encoder_block_12,4.793581008911133,-11.007506370544434,-15.801087379455566
informationbaz_random_4,informationbaz,random,4,1114819,5521373,padded_control,0,embedding,0.929811954498291,-4.291721820831299,-5.22153377532959
informationbaz_random_4,informationbaz,random,4,1114819,5521373,padded_control,1,encoder_block_1,0.8232316970825195,-4.181273460388184,-5.004505157470703
informationbaz_random_4,informationbaz,random,4,1114819,5521373,padded_control,2,encoder_block_2,0.9441380500793457,-4.246983528137207,-5.191121578216553
informationbaz_random_4,informationbaz,random,4,1114819,5521373,padded_control,3,encoder_block_3,0.8787984848022461,-3.803201675415039,-4.682000160217285
informationbaz_random_4,informationbaz,random,4,1114819,5521373,padded_control,4,encoder_block_4,0.6902198791503906,-3.579714298248291,-4.269934177398682
informationbaz_random_4,informationbaz,random,4,1114819,5521373,padded_control,5,encoder_block_5,0.5728321075439453,-3.474726676940918,-4.047558784484863
informationbaz_random_4,informationbaz,random,4,1114819,5521373,padded_control,6,encoder_block_6,0.5615503787994385,-3.3567800521850586,-3.918330430984497
informationbaz_random_4,informationbaz,random,4,1114819,5521373,padded_control,7,encoder_block_7,0.5362644195556641,-3.3512954711914062,-3.8875598907470703
informationbaz_random_4,informationbaz,random,4,1114819,5521373,padded_control,8,encoder_block_8,0.8183064460754395,-3.7183308601379395,-4.536637306213379
informationbaz_random_4,informationbaz,random,4,1114819,5521373,padded_control,9,encoder_block_9,1.0406577587127686,-3.6855289936065674,-4.726186752319336
informationbaz_random_4,informationbaz,random,4,1114819,5521373,padded_control,10,encoder_block_10,1.0716462135314941,-3.821601390838623,-4.893247604370117
informationbaz_random_4,informationbaz,random,4,1114819,5521373,padded_control,11,encoder_block_11,2.572169780731201,-5.860203266143799,-8.432373046875
informationbaz_random_4,informationbaz,random,4,1114819,5521373,padded_control,12,encoder_block_12,4.940936088562012,-11.539828300476074,-16.480764389038086
informationbaz_random_4,informationbaz,random,4,1114819,5521373,attack,0,embedding,0.5611076354980469,-4.148972034454346,-4.710079669952393
informationbaz_random_4,informationbaz,random,4,1114819,5521373,attack,1,encoder_block_1,0.5915727615356445,-4.276357650756836,-4.8679304122924805
informationbaz_random_4,informationbaz,random,4,1114819,5521373,attack,2,encoder_block_2,0.7923555374145508,-4.050676345825195,-4.843031883239746
informationbaz_random_4,informationbaz,random,4,1114819,5521373,attack,3,encoder_block_3,0.8160161972045898,-3.4133806228637695,-4.229396820068359
informationbaz_random_4,informationbaz,random,4,1114819,5521373,attack,4,encoder_block_4,0.5614488124847412,-2.85102915763855,-3.412477970123291
informationbaz_random_4,informationbaz,random,4,1114819,5521373,attack,5,encoder_block_5,0.4910697937011719,-2.8381221294403076,-3.3291919231414795
informationbaz_random_4,informationbaz,random,4,1114819,5521373,attack,6,encoder_block_6,0.49169445037841797,-2.8088178634643555,-3.3005123138427734
informationbaz_random_4,informationbaz,random,4,1114819,5521373,attack,7,encoder_block_7,0.4116349220275879,-2.784987449645996,-3.196622371673584
informationbaz_random_4,informationbaz,random,4,1114819,5521373,attack,8,encoder_block_8,0.7717843055725098,-2.923837184906006,-3.6956214904785156
informationbaz_random_4,informationbaz,random,4,1114819,5521373,attack,9,encoder_block_9,1.0004918575286865,-3.1923797130584717,-4.192871570587158
informationbaz_random_4,informationbaz,random,4,1114819,5521373,attack,10,encoder_block_10,1.137735366821289,-3.3826894760131836,-4.520424842834473
informationbaz_random_4,informationbaz,random,4,1114819,5521373,attack,11,encoder_block_11,2.5628886222839355,-5.1363444328308105,-7.699233055114746
informationbaz_random_4,informationbaz,random,4,1114819,5521373,attack,12,encoder_block_12,4.9649658203125,-11.112239837646484,-16.077205657958984
informationbaz_random_4,informationbaz,random,4,1115776,8106323,original,0,embedding,-0.09400177001953125,-4.450638771057129,-4.356637001037598
informationbaz_random_4,informationbaz,random,4,1115776,8106323,original,1,encoder_block_1,-0.214996337890625,-4.3719682693481445,-4.1569719314575195
informationbaz_random_4,informationbaz,random,4,1115776,8106323,original,2,encoder_block_2,0.263092041015625,-3.4509401321411133,-3.7140321731567383
informationbaz_random_4,informationbaz,random,4,1115776,8106323,original,3,encoder_block_3,0.37453770637512207,-2.0315380096435547,-2.4060757160186768
informationbaz_random_4,informationbaz,random,4,1115776,8106323,original,4,encoder_block_4,0.3625969886779785,-1.3790607452392578,-1.7416577339172363
informationbaz_random_4,informationbaz,random,4,1115776,8106323,original,5,encoder_block_5,0.3879518508911133,-1.3129112720489502,-1.7008631229400635
informationbaz_random_4,informationbaz,random,4,1115776,8106323,original,6,encoder_block_6,0.39699435234069824,-0.9574236869812012,-1.3544180393218994
informationbaz_random_4,informationbaz,random,4,1115776,8106323,original,7,encoder_block_7,0.3084838390350342,-1.1493663787841797,-1.4578502178192139
informationbaz_random_4,informationbaz,random,4,1115776,8106323,original,8,encoder_block_8,0.48139524459838867,-1.0391359329223633,-1.520531177520752
informationbaz_random_4,informationbaz,random,4,1115776,8106323,original,9,encoder_block_9,0.520807147026062,-0.8739460706710815,-1.3947532176971436
informationbaz_random_4,informationbaz,random,4,1115776,8106323,original,10,encoder_block_10,-0.291603684425354,-1.2550770044326782,-0.9634733200073242
informationbaz_random_4,informationbaz,random,4,1115776,8106323,original,11,encoder_block_11,-1.8993338346481323,-3.3354201316833496,-1.4360862970352173
informationbaz_random_4,informationbaz,random,4,1115776,8106323,original,12,encoder_block_12,-12.078439712524414,-25.236373901367188,-13.157934188842773
informationbaz_random_4,informationbaz,random,4,1115776,8106323,padded_control,0,embedding,-0.09400081634521484,-4.4506378173828125,-4.356637001037598
informationbaz_random_4,informationbaz,random,4,1115776,8106323,padded_control,1,encoder_block_1,-0.2215871810913086,-4.365453243255615,-4.143866062164307
informationbaz_random_4,informationbaz,random,4,1115776,8106323,padded_control,2,encoder_block_2,0.2640843391418457,-3.374391555786133,-3.6384758949279785
informationbaz_random_4,informationbaz,random,4,1115776,8106323,padded_control,3,encoder_block_3,0.35685157775878906,-1.9961109161376953,-2.3529624938964844
informationbaz_random_4,informationbaz,random,4,1115776,8106323,padded_control,4,encoder_block_4,0.3339080810546875,-1.4059336185455322,-1.7398416996002197
informationbaz_random_4,informationbaz,random,4,1115776,8106323,padded_control,5,encoder_block_5,0.360156774520874,-1.3328239917755127,-1.6929807662963867
informationbaz_random_4,informationbaz,random,4,1115776,8106323,padded_control,6,encoder_block_6,0.37324589490890503,-0.9379337430000305,-1.3111796379089355
informationbaz_random_4,informationbaz,random,4,1115776,8106323,padded_control,7,encoder_block_7,0.2718963623046875,-1.117676019668579,-1.3895723819732666
informationbaz_random_4,informationbaz,random,4,1115776,8106323,padded_control,8,encoder_block_8,0.4518822431564331,-1.0769206285476685,-1.5288028717041016
informationbaz_random_4,informationbaz,random,4,1115776,8106323,padded_control,9,encoder_block_9,0.4727634787559509,-0.8532093167304993,-1.3259727954864502
informationbaz_random_4,informationbaz,random,4,1115776,8106323,padded_control,10,encoder_block_10,-0.3942016363143921,-1.2771639823913574,-0.8829623460769653
informationbaz_random_4,informationbaz,random,4,1115776,8106323,padded_control,11,encoder_block_11,-1.9118125438690186,-3.153620719909668,-1.2418081760406494
informationbaz_random_4,informationbaz,random,4,1115776,8106323,padded_control,12,encoder_block_12,-12.109153747558594,-25.246517181396484,-13.13736343383789
informationbaz_random_4,informationbaz,random,4,1115776,8106323,attack,0,embedding,-0.2581930160522461,-4.493639945983887,-4.235446929931641
informationbaz_random_4,informationbaz,random,4,1115776,8106323,attack,1,encoder_block_1,-0.2075657844543457,-4.432814598083496,-4.22524881362915
informationbaz_random_4,informationbaz,random,4,1115776,8106323,attack,2,encoder_block_2,0.2917320728302002,-3.2752788066864014,-3.5670108795166016
informationbaz_random_4,informationbaz,random,4,1115776,8106323,attack,3,encoder_block_3,0.41149115562438965,-2.0944199562072754,-2.505911111831665
informationbaz_random_4,informationbaz,random,4,1115776,8106323,attack,4,encoder_block_4,0.36432385444641113,-1.0661942958831787,-1.4305181503295898
informationbaz_random_4,informationbaz,random,4,1115776,8106323,attack,5,encoder_block_5,0.43902361392974854,-1.045549988746643,-1.4845736026763916
informationbaz_random_4,informationbaz,random,4,1115776,8106323,attack,6,encoder_block_6,0.3854867219924927,-0.5710989236831665,-0.9565856456756592
informationbaz_random_4,informationbaz,random,4,1115776,8106323,attack,7,encoder_block_7,0.3275511860847473,-0.5449327826499939,-0.8724839687347412
informationbaz_random_4,informationbaz,random,4,1115776,8106323,attack,8,encoder_block_8,0.5434802174568176,-0.4943837523460388,-1.0378639698028564
informationbaz_random_4,informationbaz,random,4,1115776,8106323,attack,9,encoder_block_9,0.5853126347064972,-0.4702565371990204,-1.0555691719055176
informationbaz_random_4,informationbaz,random,4,1115776,8106323,attack,10,encoder_block_10,-0.32603538036346436,-0.9842543005943298,-0.6582189202308655
informationbaz_random_4,informationbaz,random,4,1115776,8106323,attack,11,encoder_block_11,-2.7142200469970703,-4.930562496185303,-2.2163424491882324
informationbaz_random_4,informationbaz,random,4,1115776,8106323,attack,12,encoder_block_12,-13.03581428527832,-25.636579513549805,-12.600765228271484
informationbaz_random_4,informationbaz,random,4,1117099,8093931,original,0,embedding,0.6646270751953125,-4.313889503479004,-4.978516578674316
informationbaz_random_4,informationbaz,random,4,1117099,8093931,original,1,encoder_block_1,0.26955318450927734,-4.186255931854248,-4.455809116363525
informationbaz_random_4,informationbaz,random,4,1117099,8093931,original,2,encoder_block_2,0.28099822998046875,-4.256280899047852,-4.53727912902832
informationbaz_random_4,informationbaz,random,4,1117099,8093931,original,3,encoder_block_3,0.13743209838867188,-3.8185980319976807,-3.9560301303863525
informationbaz_random_4,informationbaz,random,4,1117099,8093931,original,4,encoder_block_4,0.021270275115966797,-3.5340709686279297,-3.5553412437438965
informationbaz_random_4,informationbaz,random,4,1117099,8093931,original,5,encoder_block_5,0.036927223205566406,-3.0885276794433594,-3.125454902648926
informationbaz_random_4,informationbaz,random,4,1117099,8093931,original,6,encoder_block_6,0.13317632675170898,-2.7379512786865234,-2.8711276054382324
informationbaz_random_4,informationbaz,random,4,1117099,8093931,original,7,encoder_block_7,0.11262130737304688,-2.7235217094421387,-2.8361430168151855
informationbaz_random_4,informationbaz,random,4,1117099,8093931,original,8,encoder_block_8,0.14479637145996094,-2.9568862915039062,-3.101682662963867
informationbaz_random_4,informationbaz,random,4,1117099,8093931,original,9,encoder_block_9,0.29225707054138184,-3.0375730991363525,-3.3298301696777344
informationbaz_random_4,informationbaz,random,4,1117099,8093931,original,10,encoder_block_10,0.34313082695007324,-2.6781563758850098,-3.021287202835083
informationbaz_random_4,informationbaz,random,4,1117099,8093931,original,11,encoder_block_11,1.3816022872924805,-2.384305238723755,-3.7659075260162354
informationbaz_random_4,informationbaz,random,4,1117099,8093931,original,12,encoder_block_12,2.529758632183075,-0.7890542149543762,-3.318812847137451
informationbaz_random_4,informationbaz,random,4,1117099,8093931,padded_control,0,embedding,0.6646256446838379,-4.313889503479004,-4.978515148162842
informationbaz_random_4,informationbaz,random,4,1117099,8093931,padded_control,1,encoder_block_1,0.2702341079711914,-4.20758581161499,-4.477819919586182
informationbaz_random_4,informationbaz,random,4,1117099,8093931,padded_control,2,encoder_block_2,0.2974987030029297,-4.212438106536865,-4.509936809539795
informationbaz_random_4,informationbaz,random,4,1117099,8093931,padded_control,3,encoder_block_3,0.14431476593017578,-3.8215885162353516,-3.9659032821655273
informationbaz_random_4,informationbaz,random,4,1117099,8093931,padded_control,4,encoder_block_4,0.03333234786987305,-3.5366861820220947,-3.5700185298919678
informationbaz_random_4,informationbaz,random,4,1117099,8093931,padded_control,5,encoder_block_5,0.026281356811523438,-3.1162161827087402,-3.1424975395202637
informationbaz_random_4,informationbaz,random,4,1117099,8093931,padded_control,6,encoder_block_6,0.11239957809448242,-2.7790799140930176,-2.8914794921875
informationbaz_random_4,informationbaz,random,4,1117099,8093931,padded_control,7,encoder_block_7,0.0791018009185791,-2.8112199306488037,-2.890321731567383
informationbaz_random_4,informationbaz,random,4,1117099,8093931,padded_control,8,encoder_block_8,0.13150787353515625,-3.0499215126037598,-3.181429386138916
informationbaz_random_4,informationbaz,random,4,1117099,8093931,padded_control,9,encoder_block_9,0.2741413116455078,-3.1361169815063477,-3.4102582931518555
informationbaz_random_4,informationbaz,random,4,1117099,8093931,padded_control,10,encoder_block_10,0.3235142230987549,-2.8201992511749268,-3.1437134742736816
informationbaz_random_4,informationbaz,random,4,1117099,8093931,padded_control,11,encoder_block_11,1.2780919075012207,-2.437581777572632,-3.7156736850738525
informationbaz_random_4,informationbaz,random,4,1117099,8093931,padded_control,12,encoder_block_12,2.2326877117156982,-0.35376405715942383,-2.586451768875122
informationbaz_random_4,informationbaz,random,4,1117099,8093931,attack,0,embedding,0.3557405471801758,-4.503009796142578,-4.858750343322754
informationbaz_random_4,informationbaz,random,4,1117099,8093931,attack,1,encoder_block_1,0.29076576232910156,-4.421825408935547,-4.712591171264648
informationbaz_random_4,informationbaz,random,4,1117099,8093931,attack,2,encoder_block_2,0.19627857208251953,-4.020012855529785,-4.216291427612305
informationbaz_random_4,informationbaz,random,4,1117099,8093931,attack,3,encoder_block_3,0.06687521934509277,-3.4532389640808105,-3.5201141834259033
informationbaz_random_4,informationbaz,random,4,1117099,8093931,attack,4,encoder_block_4,0.0027773380279541016,-2.7432310581207275,-2.7460083961486816
informationbaz_random_4,informationbaz,random,4,1117099,8093931,attack,5,encoder_block_5,0.13519024848937988,-2.5417544841766357,-2.6769447326660156
informationbaz_random_4,informationbaz,random,4,1117099,8093931,attack,6,encoder_block_6,0.14096760749816895,-2.150041103363037,-2.291008710861206
informationbaz_random_4,informationbaz,random,4,1117099,8093931,attack,7,encoder_block_7,0.21606707572937012,-2.024195909500122,-2.240262985229492
informationbaz_random_4,informationbaz,random,4,1117099,8093931,attack,8,encoder_block_8,0.39917635917663574,-2.1677489280700684,-2.566925287246704
informationbaz_random_4,informationbaz,random,4,1117099,8093931,attack,9,encoder_block_9,0.5259578227996826,-2.353999376296997,-2.8799571990966797
informationbaz_random_4,informationbaz,random,4,1117099,8093931,attack,10,encoder_block_10,0.6923394203186035,-2.148364305496216,-2.8407037258148193
informationbaz_random_4,informationbaz,random,4,1117099,8093931,attack,11,encoder_block_11,1.5250787734985352,-1.3655471801757812,-2.8906259536743164
informationbaz_random_4,informationbaz,random,4,1117099,8093931,attack,12,encoder_block_12,1.9099383354187012,0.32360267639160156,-1.5863356590270996
informationbaz_random_4,informationbaz,random,4,1121402,8052624,original,0,embedding,0.3495612144470215,-4.927500247955322,-5.277061462402344
informationbaz_random_4,informationbaz,random,4,1121402,8052624,original,1,encoder_block_1,0.26969289779663086,-4.275808811187744,-4.545501708984375
informationbaz_random_4,informationbaz,random,4,1121402,8052624,original,2,encoder_block_2,0.43483924865722656,-4.134062767028809,-4.568902015686035
informationbaz_random_4,informationbaz,random,4,1121402,8052624,original,3,encoder_block_3,0.5248277187347412,-3.8180124759674072,-4.342840194702148
informationbaz_random_4,informationbaz,random,4,1121402,8052624,original,4,encoder_block_4,0.6406412124633789,-3.3093724250793457,-3.9500136375427246
informationbaz_random_4,informationbaz,random,4,1121402,8052624,original,5,encoder_block_5,0.7257304191589355,-3.395094871520996,-4.120825290679932
informationbaz_random_4,informationbaz,random,4,1121402,8052624,original,6,encoder_block_6,0.8011765480041504,-3.3337044715881348,-4.134881019592285
informationbaz_random_4,informationbaz,random,4,1121402,8052624,original,7,encoder_block_7,0.8908953666687012,-3.592787265777588,-4.483682632446289
informationbaz_random_4,informationbaz,random,4,1121402,8052624,original,8,encoder_block_8,0.9932317733764648,-3.5149192810058594,-4.508151054382324
informationbaz_random_4,informationbaz,random,4,1121402,8052624,original,9,encoder_block_9,0.9872844219207764,-3.484168291091919,-4.471452713012695
informationbaz_random_4,informationbaz,random,4,1121402,8052624,original,10,encoder_block_10,1.3212480545043945,-4.105070114135742,-5.426318168640137
informationbaz_random_4,informationbaz,random,4,1121402,8052624,original,11,encoder_block_11,3.356931686401367,-6.509549140930176,-9.866480827331543
informationbaz_random_4,informationbaz,random,4,1121402,8052624,original,12,encoder_block_12,5.915290832519531,-13.319461822509766,-19.234752655029297
informationbaz_random_4,informationbaz,random,4,1121402,8052624,padded_control,0,embedding,0.3495607376098633,-4.927499771118164,-5.277060508728027
informationbaz_random_4,informationbaz,random,4,1121402,8052624,padded_control,1,encoder_block_1,0.2688117027282715,-4.320230484008789,-4.5890421867370605
informationbaz_random_4,informationbaz,random,4,1121402,8052624,padded_control,2,encoder_block_2,0.41668033599853516,-4.224942207336426,-4.641622543334961
informationbaz_random_4,informationbaz,random,4,1121402,8052624,padded_control,3,encoder_block_3,0.5068564414978027,-3.8969883918762207,-4.403844833374023
informationbaz_random_4,informationbaz,random,4,1121402,8052624,padded_control,4,encoder_block_4,0.6288113594055176,-3.40042781829834,-4.029239177703857
informationbaz_random_4,informationbaz,random,4,1121402,8052624,padded_control,5,encoder_block_5,0.7222681045532227,-3.4606714248657227,-4.182939529418945
informationbaz_random_4,informationbaz,random,4,1121402,8052624,padded_control,6,encoder_block_6,0.7909555435180664,-3.370420455932617,-4.161375999450684
informationbaz_random_4,informationbaz,random,4,1121402,8052624,padded_control,7,encoder_block_7,0.8840384483337402,-3.609889030456543,-4.493927478790283
informationbaz_random_4,informationbaz,random,4,1121402,8052624,padded_control,8,encoder_block_8,0.9761142730712891,-3.510725975036621,-4.48684024810791
informationbaz_random_4,informationbaz,random,4,1121402,8052624,padded_control,9,encoder_block_9,0.9729342460632324,-3.4333858489990234,-4.406320095062256
informationbaz_random_4,informationbaz,random,4,1121402,8052624,padded_control,10,encoder_block_10,1.3222908973693848,-4.0975518226623535,-5.419842720031738
informationbaz_random_4,informationbaz,random,4,1121402,8052624,padded_control,11,encoder_block_11,3.3329153060913086,-6.376638412475586,-9.709553718566895
informationbaz_random_4,informationbaz,random,4,1121402,8052624,padded_control,12,encoder_block_12,5.864012718200684,-13.085644721984863,-18.949657440185547
informationbaz_random_4,informationbaz,random,4,1121402,8052624,attack,0,embedding,0.1283702850341797,-5.083558082580566,-5.211928367614746
informationbaz_random_4,informationbaz,random,4,1121402,8052624,attack,1,encoder_block_1,0.1414337158203125,-4.402716159820557,-4.544149875640869
informationbaz_random_4,informationbaz,random,4,1121402,8052624,attack,2,encoder_block_2,0.18119478225708008,-4.000783920288086,-4.181978702545166
informationbaz_random_4,informationbaz,random,4,1121402,8052624,attack,3,encoder_block_3,0.4064750671386719,-3.472999095916748,-3.87947416305542
informationbaz_random_4,informationbaz,random,4,1121402,8052624,attack,4,encoder_block_4,0.5182936191558838,-2.7146482467651367,-3.2329418659210205
informationbaz_random_4,informationbaz,random,4,1121402,8052624,attack,5,encoder_block_5,0.6261365413665771,-2.9337241649627686,-3.5598607063293457
informationbaz_random_4,informationbaz,random,4,1121402,8052624,attack,6,encoder_block_6,0.7116422653198242,-2.7712411880493164,-3.4828834533691406
informationbaz_random_4,informationbaz,random,4,1121402,8052624,attack,7,encoder_block_7,0.7355029582977295,-2.984781503677368,-3.7202844619750977
informationbaz_random_4,informationbaz,random,4,1121402,8052624,attack,8,encoder_block_8,0.8840892314910889,-2.9288434982299805,-3.8129327297210693
informationbaz_random_4,informationbaz,random,4,1121402,8052624,attack,9,encoder_block_9,0.8898346424102783,-2.8903098106384277,-3.780144453048706
informationbaz_random_4,informationbaz,random,4,1121402,8052624,attack,10,encoder_block_10,1.2281174659729004,-3.465414524078369,-4.6935319900512695
informationbaz_random_4,informationbaz,random,4,1121402,8052624,attack,11,encoder_block_11,3.2508368492126465,-5.759074687957764,-9.00991153717041
informationbaz_random_4,informationbaz,random,4,1121402,8052624,attack,12,encoder_block_12,5.84486198425293,-12.748991012573242,-18.593852996826172
informationbaz_random_4,informationbaz,random,4,1121709,1269175,original,0,embedding,0.31176328659057617,-3.098433494567871,-3.4101967811584473
informationbaz_random_4,informationbaz,random,4,1121709,1269175,original,1,encoder_block_1,0.14899635314941406,-4.310712814331055,-4.459709167480469
informationbaz_random_4,informationbaz,random,4,1121709,1269175,original,2,encoder_block_2,0.6813814640045166,-3.6943862438201904,-4.375767707824707
informationbaz_random_4,informationbaz,random,4,1121709,1269175,original,3,encoder_block_3,0.6404454708099365,-3.300786018371582,-3.9412314891815186
informationbaz_random_4,informationbaz,random,4,1121709,1269175,original,4,encoder_block_4,0.6799132823944092,-2.882868766784668,-3.562782049179077
informationbaz_random_4,informationbaz,random,4,1121709,1269175,original,5,encoder_block_5,0.5350496768951416,-2.3276870250701904,-2.862736701965332
informationbaz_random_4,informationbaz,random,4,1121709,1269175,original,6,encoder_block_6,0.5691186189651489,-1.9992088079452515,-2.5683274269104004
informationbaz_random_4,informationbaz,random,4,1121709,1269175,original,7,encoder_block_7,0.6213798522949219,-1.8987929821014404,-2.5201728343963623
informationbaz_random_4,informationbaz,random,4,1121709,1269175,original,8,encoder_block_8,0.6074302196502686,-1.6636099815368652,-2.271040201187134
informationbaz_random_4,informationbaz,random,4,1121709,1269175,original,9,encoder_block_9,0.620168924331665,-1.0541905164718628,-1.6743594408035278
informationbaz_random_4,informationbaz,random,4,1121709,1269175,original,10,encoder_block_10,0.2710539698600769,-0.8107300400733948,-1.0817840099334717
informationbaz_random_4,informationbaz,random,4,1121709,1269175,original,11,encoder_block_11,-1.3682814836502075,-0.3530999422073364,1.015181541442871
informationbaz_random_4,informationbaz,random,4,1121709,1269175,original,12,encoder_block_12,-12.051349639892578,-24.383073806762695,-12.331724166870117
informationbaz_random_4,informationbaz,random,4,1121709,1269175,padded_control,0,embedding,0.31176304817199707,-3.0984342098236084,-3.4101972579956055
informationbaz_random_4,informationbaz,random,4,1121709,1269175,padded_control,1,encoder_block_1,0.15240955352783203,-4.308070659637451,-4.460480213165283
informationbaz_random_4,informationbaz,random,4,1121709,1269175,padded_control,2,encoder_block_2,0.676673173904419,-3.716750383377075,-4.393423557281494
informationbaz_random_4,informationbaz,random,4,1121709,1269175,padded_control,3,encoder_block_3,0.6358475685119629,-3.314854621887207,-3.95070219039917
informationbaz_random_4,informationbaz,random,4,1121709,1269175,padded_control,4,encoder_block_4,0.6747236251831055,-2.8935937881469727,-3.568317413330078
informationbaz_random_4,informationbaz,random,4,1121709,1269175,padded_control,5,encoder_block_5,0.5238161087036133,-2.348456859588623,-2.8722729682922363
informationbaz_random_4,informationbaz,random,4,1121709,1269175,padded_control,6,encoder_block_6,0.5619451999664307,-2.050391435623169,-2.6123366355895996
informationbaz_random_4,informationbaz,random,4,1121709,1269175,padded_control,7,encoder_block_7,0.6003983020782471,-1.9511854648590088,-2.551583766937256
informationbaz_random_4,informationbaz,random,4,1121709,1269175,padded_control,8,encoder_block_8,0.6081420183181763,-1.7174350023269653,-2.3255770206451416
informationbaz_random_4,informationbaz,random,4,1121709,1269175,padded_control,9,encoder_block_9,0.6446132659912109,-1.0828971862792969,-1.7275104522705078
informationbaz_random_4,informationbaz,random,4,1121709,1269175,padded_control,10,encoder_block_10,0.22995030879974365,-0.8131684064865112,-1.0431187152862549
informationbaz_random_4,informationbaz,random,4,1121709,1269175,padded_control,11,encoder_block_11,-1.540286898612976,-0.6396104097366333,0.9006764888763428
informationbaz_random_4,informationbaz,random,4,1121709,1269175,padded_control,12,encoder_block_12,-12.198983192443848,-24.481245040893555,-12.282261848449707
informationbaz_random_4,informationbaz,random,4,1121709,1269175,attack,0,embedding,0.0387876033782959,-3.480348825454712,-3.519136428833008
informationbaz_random_4,informationbaz,random,4,1121709,1269175,attack,1,encoder_block_1,-0.03621482849121094,-4.4965972900390625,-4.460382461547852
informationbaz_random_4,informationbaz,random,4,1121709,1269175,attack,2,encoder_block_2,0.4200866222381592,-3.9043562412261963,-4.3244428634643555
informationbaz_random_4,informationbaz,random,4,1121709,1269175,attack,3,encoder_block_3,0.5529797077178955,-3.324110984802246,-3.8770906925201416
informationbaz_random_4,informationbaz,random,4,1121709,1269175,attack,4,encoder_block_4,0.6605627536773682,-2.492103099822998,-3.152665853500366
informationbaz_random_4,informationbaz,random,4,1121709,1269175,attack,5,encoder_block_5,0.583134651184082,-2.1340291500091553,-2.7171638011932373
informationbaz_random_4,informationbaz,random,4,1121709,1269175,attack,6,encoder_block_6,0.6064891815185547,-1.754974603652954,-2.361463785171509
informationbaz_random_4,informationbaz,random,4,1121709,1269175,attack,7,encoder_block_7,0.6087746620178223,-1.6662898063659668,-2.275064468383789
informationbaz_random_4,informationbaz,random,4,1121709,1269175,attack,8,encoder_block_8,0.7129428386688232,-1.3271055221557617,-2.040048360824585
informationbaz_random_4,informationbaz,random,4,1121709,1269175,attack,9,encoder_block_9,0.7601728439331055,-0.7876009941101074,-1.547773838043213
informationbaz_random_4,informationbaz,random,4,1121709,1269175,attack,10,encoder_block_10,0.3746989369392395,-0.49308139085769653,-0.867780327796936
informationbaz_random_4,informationbaz,random,4,1121709,1269175,attack,11,encoder_block_11,-1.8685611486434937,-0.8523505926132202,1.0162105560302734
informationbaz_random_4,informationbaz,random,4,1121709,1269175,attack,12,encoder_block_12,-12.628767013549805,-24.336833953857422,-11.708066940307617
